p_val avg_log2FC pct.1 pct.2 p_val_adj gene
JCHAIN 1.68890753863009e-104 1.08165639427313 0.792 0.493 4.53336561519089e-100 JCHAIN
IGHV3-15 8.97400898411936e-81 -11.2244435830662 0.002 0.156 2.40880349151732e-76 IGHV3-15
IGKV2-24 2.00499685527596e-80 3.37281997101286 0.173 0.009 5.38181255893172e-76 IGKV2-24
IGLV4-69 1.42618079441876e-76 1.54613950960777 0.039 0.244 3.82815448837885e-72 IGLV4-69
IGHV3-23 1.41108171892437e-62 2.53345543838987 0.351 0.125 3.7876255499368e-58 IGHV3-23
IGKV2-30 2.77398200085742e-62 -3.77991381795036 0.063 0.24 7.44592248670148e-58 IGKV2-30
IGKV2-28 1.56711407724132e-55 -4.97605125295564 0.002 0.114 4.20644760613114e-51 IGKV2-28
CD9 6.424535952659e-45 2.07855371718563 0.286 0.113 1.72447394041273e-40 CD9
RPS3 1.97755274349332e-42 0.25962858477996 0.969 0.947 5.30814707408478e-38 RPS3
IGKV2D-30 7.45527794864788e-42 -4.7714942255794 0.011 0.117 2.00114570697606e-37 IGKV2D-30
IGHM 1.70933421354848e-39 0.684446839447147 0.883 0.782 4.58819489600683e-35 IGHM
HLA-DRB5 2.40937946804596e-39 -0.741057173645926 0.473 0.658 6.46725636812897e-35 HLA-DRB5
GSTP1 5.07753033707439e-39 0.661196564654084 0.575 0.443 1.36291069307751e-34 GSTP1
RRBP1 7.47840716501436e-39 1.05062618520558 0.305 0.147 2.00735405123315e-34 RRBP1
RHOB 1.0985282983897e-38 -1.37089933212092 0.189 0.346 2.94866965853763e-34 RHOB
TAS1R3 4.39508634369458e-36 1.67480022231803 0.136 0.03 1.1797290763745e-31 TAS1R3
CD79B 7.26177804901523e-36 0.544036351566382 0.767 0.642 1.94920646391667e-31 CD79B
IGKV3-20 1.01536703740039e-35 4.01632001457332 0.278 0.125 2.72544820179013e-31 IGKV3-20
MT-CO1 1.82357950545031e-35 -0.25222503945166 0.991 0.985 4.89485210852971e-31 MT-CO1
SEMA7A 1.40125285359721e-33 -1.48747115875887 0.062 0.169 3.76124290962562e-29 SEMA7A
GRASP 8.36123203088833e-33 -1.14851747976709 0.146 0.283 2.24432190173105e-28 GRASP
MLLT3 1.34413638498776e-31 1.18959058834464 0.142 0.035 3.60793088458415e-27 MLLT3
RPL3 3.65555175628048e-31 0.260779445880944 0.96 0.922 9.81223202420807e-27 RPL3
IGHG3 4.72858321406445e-31 0.427381922717352 0.191 0.078 1.26924630631918e-26 IGHG3
IFNG-AS1 2.08453936958318e-29 1.03708963085599 0.205 0.091 5.59532057583517e-25 IFNG-AS1
MEF2B 1.54641415243744e-28 1.69648871873392 0.139 0.046 4.15088486797258e-24 MEF2B
PSMB9 1.58468010842493e-27 0.430257207640679 0.535 0.421 4.2535983470342e-23 PSMB9
ISG20 3.0814127245413e-27 0.460823606741207 0.691 0.578 8.27112803521375e-23 ISG20
RPL17 3.44106068479379e-27 0.296711270321762 0.915 0.863 9.2364950901235e-23 RPL17
DERL3 4.44314114030515e-27 0.55025086493654 0.36 0.212 1.19262794488071e-22 DERL3
SELENOM 1.42575257162871e-26 0.631791228288078 0.467 0.328 3.82700505276579e-22 SELENOM
BST2 4.74322979477406e-26 0.735019080764613 0.32 0.201 1.27317774151325e-21 BST2
RPL10A 1.84322431050814e-25 0.255849567935759 0.891 0.815 4.94758269426595e-21 RPL10A
CLINT1 2.3869711015647e-25 0.343822230023302 0.521 0.403 6.40710783081996e-21 CLINT1
VPREB3 2.8336402782736e-25 1.07928540215145 0.236 0.128 7.606057234942e-21 VPREB3
PRDM5 1.07063928087195e-23 0.785686530760058 0.107 0.033 2.87380995771648e-19 PRDM5
ITM2B 1.73282962705005e-23 0.430416043629888 0.75 0.659 4.65126128492774e-19 ITM2B
MT-CO3 2.70931150972148e-22 -0.277070007021 0.945 0.903 7.2723339543944e-18 MT-CO3
DUSP22 6.4753736743582e-22 0.991185790104598 0.42 0.307 1.73811980167123e-17 DUSP22
PIM1 2.26874076092261e-21 0.369091403849497 0.619 0.485 6.08975395046848e-17 PIM1
FP236383.3 3.01492037339021e-21 -0.257127120262663 1 1 8.092649266254e-17 FP236383.3
ERAP2 3.42634937257184e-21 0.582984837735882 0.277 0.154 9.19700698585733e-17 ERAP2
MZB1 4.03445282915503e-21 0.644705804020175 0.373 0.259 1.08292782840179e-16 MZB1
ARL6IP5 4.3928068981854e-20 0.367714561011619 0.424 0.32 1.17911722761092e-15 ARL6IP5
EZR 5.25807617500462e-20 -0.412803156147467 0.813 0.803 1.41137280689474e-15 EZR
CYBA 7.67401210529511e-20 0.370246876205025 0.838 0.751 2.05985832930331e-15 CYBA
RASSF6 9.07051564746681e-20 0.381315800574852 0.383 0.233 2.43470781009304e-15 RASSF6
CD27 1.79471598458779e-19 1.24151843793784 0.259 0.158 4.81737664583055e-15 CD27
CDK2AP2 1.98011721298119e-19 0.630201363250797 0.221 0.137 5.31503062308412e-15 CDK2AP2
KDELR1 1.66162145811654e-18 0.385240327386407 0.336 0.245 4.46012431787641e-14 KDELR1
TRMT112 2.34335061247909e-18 0.453136773774363 0.466 0.348 6.29002171401638e-14 TRMT112
DYNLL1 4.31506794929216e-18 0.844584941523631 0.279 0.172 1.158250538949e-13 DYNLL1
IGHV2-5 8.00549880411285e-18 -2.38649440207321 0.173 0.261 2.14883598899997e-13 IGHV2-5
BLNK 8.66760186617172e-18 0.3867210303797 0.459 0.358 2.32655769291781e-13 BLNK
EEF1D 1.02684088195854e-17 0.25695615016808 0.897 0.828 2.75624629535312e-13 EEF1D
RPS26 1.06393344779101e-17 -0.266412614088891 0.94 0.923 2.85581016056063e-13 RPS26
CXCR4 1.40744776281096e-17 0.386342601021543 0.866 0.792 3.77787128493718e-13 CXCR4
AC012368.1 1.4571965669106e-17 0.601174338436455 0.314 0.188 3.91140702490142e-13 AC012368.1
HSP90B1 2.79556454663385e-17 0.413229992659224 0.659 0.554 7.50385435607459e-13 HSP90B1
BAIAP3 3.36682874290676e-17 1.14941778355809 0.101 0.042 9.03724171171031e-13 BAIAP3
IGLC3 3.67905987134056e-17 -0.852622587434989 0.07 0.156 9.87533250665234e-13 IGLC3
GPR183 6.70303419146092e-17 0.330361112076917 0.553 0.435 1.79922843767194e-12 GPR183
SMDT1 9.59893255485799e-17 0.310076347397579 0.596 0.492 2.57654547637498e-12 SMDT1
CD82 1.21412313356604e-16 0.297898497371877 0.683 0.593 3.25894931511796e-12 CD82
SYNE2 2.37459044862314e-16 0.267037311946327 0.601 0.473 6.37387568219423e-12 SYNE2
HLA-DQA1 3.55392904947459e-16 -0.384142315438194 0.655 0.696 9.5394563545997e-12 HLA-DQA1
AC004448.2 5.4313757065716e-16 2.19181518336397 0.168 0.095 1.45788986715795e-11 AC004448.2
CHCHD10 7.69306634096632e-16 0.366800183328596 0.559 0.45 2.06497286724218e-11 CHCHD10
MT-ND4 9.79857223166275e-16 -0.278453615489326 0.862 0.823 2.63013275842292e-11 MT-ND4
RHEX 1.03602827839705e-15 0.64027474267384 0.406 0.279 2.78090710487337e-11 RHEX
MIF 1.88949161977002e-15 0.290907944133908 0.702 0.613 5.07177340578668e-11 MIF
CUTA 1.96977625239349e-15 0.491890081470047 0.444 0.353 5.28727341667462e-11 CUTA
JUND 2.25480006033622e-15 -0.253646752853611 0.912 0.859 6.05233432195448e-11 JUND
GAS5 2.59006951769624e-15 0.334852233342807 0.642 0.539 6.95226459940026e-11 GAS5
XIST 3.07375296878897e-15 -0.621106989345606 0.09 0.174 8.25056771882334e-11 XIST
SKAP1 3.09798752413077e-15 -0.732029380181731 0.194 0.295 8.31561811227182e-11 SKAP1
CAMK2N1 3.31795505960109e-15 1.69902019232365 0.106 0.041 8.90605497098126e-11 CAMK2N1
SKI 3.5846379615992e-15 -0.879521977802696 0.094 0.152 9.62188521652458e-11 SKI
MARCKS 4.81964598551615e-15 0.544998030298791 0.574 0.463 1.29368937543225e-10 MARCKS
PIM2 7.22942916143594e-15 0.460501437126162 0.488 0.389 1.94052337551263e-10 PIM2
B4GALT3 8.4382554689897e-15 0.772523471042474 0.2 0.108 2.26499653298621e-10 B4GALT3
TSPAN33 9.32174987478392e-15 -0.494652333041278 0.323 0.396 2.5021441013895e-10 TSPAN33
COPDA1 9.6023427716166e-15 0.713772312317801 0.384 0.287 2.57746084675733e-10 COPDA1
KIAA0040 1.0184310665689e-14 0.598032738859816 0.246 0.149 2.73367266888423e-10 KIAA0040
PGM2L1 1.21325735953472e-14 -1.48656039847437 0.04 0.107 3.2566254044631e-10 PGM2L1
HLA-DRA 1.42171233835914e-14 -0.300662771190042 0.898 0.878 3.81616025862361e-10 HLA-DRA
IGKC 1.65614549350869e-14 0.46049468302665 0.643 0.54 4.44542573367603e-10 IGKC
TECR 1.66348175010427e-14 0.366452808187113 0.263 0.174 4.46511771362988e-10 TECR
XBP1 2.13843218816926e-14 0.640339581348676 0.425 0.321 5.73997967948392e-10 XBP1
PLD5 2.6406781649585e-14 0.597750697377024 0.103 0.047 7.08810833038162e-10 PLD5
RHOH 3.23545315787134e-14 -0.345409787436939 0.508 0.632 8.68460336635826e-10 RHOH
MDS2 3.41027992654066e-14 0.878043267728978 0.105 0.055 9.15387337882044e-10 MDS2
HLA-DQA2 5.48783163505368e-14 -1.21043458255373 0.043 0.113 1.47304376748111e-09 HLA-DQA2
ANGPTL1 5.6021219102632e-14 0.345630077878908 0.287 0.204 1.50372156315285e-09 ANGPTL1
CLIC1 7.55874760743776e-14 0.349464280296478 0.602 0.515 2.02891903278844e-09 CLIC1
PSME2 7.59151455651795e-14 0.427060642185663 0.367 0.28 2.03771433726055e-09 PSME2
ANAPC16 7.77654860536456e-14 0.257823095332997 0.612 0.511 2.08738117665196e-09 ANAPC16
PMEPA1 8.78717893618909e-14 -0.847361018298875 0.19 0.272 2.35865457005188e-09 PMEPA1
IGKV3-11 8.90922374003032e-14 -2.17412090114279 0.078 0.132 2.39141383629894e-09 IGKV3-11
IGLC1 1.07700562847388e-13 0.758250593703696 0.292 0.2 2.8908985079496e-09 IGLC1
ATP5IF1 1.09694190439471e-13 0.434933288965301 0.43 0.317 2.94441145977627e-09 ATP5IF1
ALOX5AP 1.19972200844173e-13 0.41116102112385 0.382 0.3 3.22029381505928e-09 ALOX5AP
MX1 1.21627543652121e-13 -0.68262582557101 0.167 0.255 3.26472652671023e-09 MX1
LINC01857 1.24060728915576e-13 -0.587367234807576 0.198 0.295 3.3300380855519e-09 LINC01857
EMP3 1.50317843135506e-13 -0.668747651610762 0.59 0.603 4.03483154544325e-09 EMP3
KDELR2 1.84165723553836e-13 0.611546337372903 0.226 0.14 4.94337635163206e-09 KDELR2
BSG 1.84889203708644e-13 0.42323018142955 0.326 0.247 4.96279600594744e-09 BSG
AL589693.1 2.81046749149291e-13 0.314414328615171 0.16 0.091 7.54385684066527e-09 AL589693.1
ARMH1 2.99766337538654e-13 -0.998587581272156 0.062 0.123 8.04632803221255e-09 ARMH1
IGHV3-74 3.0512986391682e-13 1.44347410938146 0.139 0.084 8.1902958072553e-09 IGHV3-74
PTK2 3.68997950108188e-13 -1.0816079179071 0.074 0.142 9.90464297680398e-09 PTK2
HIST1H1E 4.46609968432611e-13 -0.656831078756564 0.343 0.443 1.19879047726681e-08 HIST1H1E
PMAIP1 4.4992707239829e-13 0.5857116055181 0.568 0.505 1.20769424773149e-08 PMAIP1
IGLJ1 4.5241904453425e-13 1.17065306565866 0.125 0.059 1.21438319933883e-08 IGLJ1
HLA-F 4.86286831948288e-13 0.292005579109017 0.55 0.461 1.30529111431559e-08 HLA-F
S1PR1 8.17525200892231e-13 -0.807011792270773 0.188 0.268 2.19440114423493e-08 S1PR1
SARAF 8.26937168072855e-13 -0.318475857010434 0.756 0.76 2.21966474654116e-08 SARAF
EIF3G 8.30220700971704e-13 0.451933212666398 0.561 0.491 2.22847840554825e-08 EIF3G
TMEM109 8.40470644618257e-13 0.422887197224657 0.219 0.154 2.25599130428432e-08 TMEM109
GTF3A 8.73655568219718e-13 0.273965086694409 0.517 0.425 2.34506627621537e-08 GTF3A
ATP6AP1 9.23871306226856e-13 0.497293003059424 0.194 0.132 2.47985536017413e-08 ATP6AP1
SERPINF1 9.29622754103333e-13 0.426211055796201 0.156 0.083 2.49529339656417e-08 SERPINF1
PPP1R14A 9.90300838109368e-13 -0.970454871232816 0.065 0.129 2.65816550965317e-08 PPP1R14A
HBB 1.11394511426621e-12 -1.03840615671906 0.059 0.119 2.99005147571335e-08 HBB
SH3KBP1 1.41161976348621e-12 -0.595113175573021 0.223 0.325 3.78906976914968e-08 SH3KBP1
HIP1R 2.79741357001677e-12 -0.647001934516553 0.244 0.328 7.50881750463902e-08 HIP1R
MRPL34 3.3765015940815e-12 0.817481372535297 0.193 0.117 9.06320557883356e-08 MRPL34
JUN 3.42365251788429e-12 -0.542457648622148 0.748 0.74 9.189768088505e-08 JUN
TGFB1 4.00138095390249e-12 -0.531489982556137 0.457 0.529 1.07405067564651e-07 TGFB1
POU2AF1 4.50957806219776e-12 0.325717674000461 0.506 0.423 1.21046094345512e-07 POU2AF1
LSR 4.79825530637054e-12 0.586355874875038 0.19 0.107 1.28794768933598e-07 LSR
FADS3 4.8304320506865e-12 0.571992827924424 0.252 0.172 1.29658457104527e-07 FADS3
TXNDC5 5.00957193421775e-12 0.319403030631519 0.329 0.226 1.34466929858273e-07 TXNDC5
IGKV1-5 5.84115315693373e-12 3.53249525100694 0.182 0.11 1.56788233038415e-07 IGKV1-5
CYB5R3 6.47939929102704e-12 0.314804792990645 0.454 0.364 1.73920035769748e-07 CYB5R3
SYVN1 6.5216227900337e-12 0.48721218476762 0.331 0.243 1.75053398930084e-07 SYVN1
DAD1 7.69947052265137e-12 0.370392065691305 0.356 0.271 2.06669187769008e-07 DAD1
BCAP31 9.50034642860584e-12 0.357212503841164 0.381 0.292 2.55008298836638e-07 BCAP31
CD69 9.62355719109933e-12 -0.396778485737574 0.708 0.715 2.58315522123488e-07 CD69
SLC2A11 1.03391649113029e-11 0.677825085550195 0.159 0.092 2.77523864549193e-07 SLC2A11
SIPA1L1 1.27964405521909e-11 -0.387763931352256 0.604 0.648 3.43482057301909e-07 SIPA1L1
FCMR 1.39061566870559e-11 0.340298431814765 0.572 0.468 3.73269057793955e-07 FCMR
EID1 1.45879088254292e-11 0.373949523827678 0.467 0.372 3.9156864869217e-07 EID1
CTSD 1.51930185093887e-11 0.492513115093488 0.187 0.124 4.07811002829012e-07 CTSD
FIS1 1.8195541467027e-11 0.277636636358064 0.37 0.302 4.88404724057938e-07 FIS1
YWHAH 2.00894578760157e-11 -0.640470080144255 0.203 0.271 5.39241228308013e-07 YWHAH
KRTCAP2 2.21692188476914e-11 0.302384559871506 0.474 0.378 5.95066172309733e-07 KRTCAP2
SSR4 2.3893577083609e-11 0.507215591505247 0.584 0.495 6.41351396078232e-07 SSR4
SNX9 2.81472555217495e-11 -0.378025023578258 0.466 0.545 7.55528632714799e-07 SNX9
GLCCI1 3.68760388067508e-11 0.342917344587112 0.349 0.253 9.89826633650804e-07 GLCCI1
MT-ATP6 3.89033504420458e-11 -0.253002075366409 0.824 0.794 1.04424373256539e-06 MT-ATP6
HIST1H2AC 4.20043748949824e-11 0.357907819936758 0.164 0.1 1.12748143093112e-06 HIST1H2AC
HCST 5.22388875600987e-11 0.423332417989934 0.261 0.18 1.40219621988817e-06 HCST
GSDMD 7.72871199311957e-11 0.646746085246172 0.186 0.121 2.07454087319316e-06 GSDMD
TNFRSF13B 7.99892819538556e-11 0.298677220949486 0.489 0.419 2.14707230620539e-06 TNFRSF13B
PSMC5 8.47629516128467e-11 0.307131136820519 0.269 0.2 2.27520714719203e-06 PSMC5
RGS16 8.53212731161774e-11 -0.860346817902794 0.065 0.109 2.29019361298443e-06 RGS16
FOS 8.81178458081778e-11 -0.827793972447921 0.332 0.409 2.36525921718311e-06 FOS
LMAN1 8.83854427474411e-11 0.395246858688406 0.286 0.197 2.37244205422681e-06 LMAN1
PTPRCAP 1.00774480522254e-10 0.264673799935589 0.787 0.695 2.70498860617835e-06 PTPRCAP
EVL 1.05441251889669e-10 -0.548450033474674 0.254 0.326 2.8302540832225e-06 EVL
ATP5PD 1.13272363124331e-10 0.391541790336151 0.293 0.224 3.04045677098329e-06 ATP5PD
AL079338.1 1.15009417763316e-10 0.339218712613345 0.279 0.196 3.08708279160294e-06 AL079338.1
ALKBH7 1.40511790735308e-10 0.290174884227894 0.377 0.293 3.77161748691714e-06 ALKBH7
BTN3A2 1.41365041690485e-10 0.63675964385062 0.19 0.124 3.79452044905599e-06 BTN3A2
IER3IP1 1.45712974998647e-10 0.414453194042442 0.169 0.112 3.91122767491368e-06 IER3IP1
CD99 1.54378085694658e-10 -0.556474599447788 0.333 0.425 4.143816576216e-06 CD99
PRDX1 1.83662573128989e-10 0.320982189840987 0.301 0.228 4.92987078792833e-06 PRDX1
FAM117A 2.10778138650882e-10 0.338201859322941 0.29 0.21 5.65770679766698e-06 FAM117A
C1orf162 2.35288053849427e-10 -0.529197534121912 0.174 0.25 6.31560194142633e-06 C1orf162
PARP1 2.36092352781241e-10 0.423248403280929 0.414 0.32 6.33719093335406e-06 PARP1
NT5C 2.44557504121777e-10 0.371625708819336 0.42 0.334 6.56441252563673e-06 NT5C
RBM38 2.68809255928216e-10 -0.349113880125063 0.665 0.655 7.21537804762517e-06 RBM38
NXPH4 3.01123351146278e-10 0.79105505878848 0.204 0.143 8.08275299146839e-06 NXPH4
PRDM1 3.05340539194666e-10 0.332522337794795 0.214 0.132 8.19595075306323e-06 PRDM1
ATP5F1A 3.31823298284878e-10 0.265396339308412 0.434 0.359 8.90680097256271e-06 ATP5F1A
TAP1 3.94777230518616e-10 0.337802781014701 0.211 0.156 1.05966104215807e-05 TAP1
NMRK1 4.4289204106576e-10 0.49611867681091 0.133 0.077 1.18881081662871e-05 NMRK1
CD40 4.77084952038649e-10 0.335206092335088 0.362 0.292 1.28059142826214e-05 CD40
METTL7A 5.24223966728278e-10 0.501173367236881 0.187 0.117 1.40712197149204e-05 METTL7A
GABARAPL2 5.36651978662702e-10 0.366750133804983 0.351 0.282 1.44048124112643e-05 GABARAPL2
FCGR2B 5.40961346177437e-10 0.271977168838702 0.452 0.372 1.45204844540948e-05 FCGR2B
IGHV3-33 5.7618234800773e-10 0.968217455865712 0.264 0.22 1.54658865852235e-05 IGHV3-33
TRBC2 5.99191411564828e-10 0.289499600510533 0.391 0.308 1.60834958692231e-05 TRBC2
LRRFIP1 6.31796463263928e-10 -0.477876753443143 0.437 0.504 1.69586806669304e-05 LRRFIP1
PPM1K 7.09926469651655e-10 0.262019369681944 0.458 0.366 1.90558462983897e-05 PPM1K
BBC3 7.20754365079925e-10 -0.529066746616049 0.195 0.263 1.93464886674753e-05 BBC3
NME3 7.29716255090736e-10 0.373331960448957 0.371 0.294 1.95870437191455e-05 NME3
CNPY2 7.3839234087719e-10 0.463471063131327 0.251 0.178 1.98199272138255e-05 CNPY2
BLK 9.16437276555332e-10 -0.39613503231052 0.469 0.541 2.45990093772982e-05 BLK
HAX1 9.771616308507e-10 0.309397103545058 0.266 0.201 2.62289724952945e-05 HAX1
ARL2 1.03435535793725e-09 0.82970942934026 0.131 0.072 2.77641665177515e-05 ARL2
STK17A 1.05108135049492e-09 -0.55874757829163 0.417 0.495 2.82131256099846e-05 STK17A
ADORA2A 1.26612041967128e-09 0.541362377146596 0.126 0.082 3.39852043048165e-05 ADORA2A
TRAPPC5 1.40654495814993e-09 0.434766635564044 0.319 0.258 3.77544797666604e-05 TRAPPC5
TRAF3IP3 1.50617517206195e-09 0.306489051332458 0.303 0.237 4.0428753968487e-05 TRAF3IP3
FGL2 1.50720415923332e-09 0.503372065787403 0.118 0.066 4.04563740421409e-05 FGL2
PARP10 1.56731317836994e-09 0.561970791579057 0.148 0.101 4.2069820333806e-05 PARP10
SLC37A1 1.67377989375907e-09 0.298201564980153 0.344 0.276 4.49275999082809e-05 SLC37A1
TCFL5 1.69758991509169e-09 -0.892760393196776 0.074 0.132 4.55667085008911e-05 TCFL5
ATP1B1 1.77041553278698e-09 0.655080621152044 0.164 0.106 4.75214937310681e-05 ATP1B1
CDKN1A 1.7882807900377e-09 -0.572890261810268 0.347 0.398 4.80010329661919e-05 CDKN1A
POLR3GL 1.7995678898975e-09 0.278379108604129 0.239 0.19 4.83040013006286e-05 POLR3GL
VPS28 2.00033125710781e-09 0.345278577193377 0.415 0.338 5.36928916032879e-05 VPS28
MLEC 2.12437091849318e-09 0.593170690260346 0.174 0.108 5.7022364194194e-05 MLEC
NUDT22 2.3613609746722e-09 0.385651709112111 0.166 0.114 6.33836512821512e-05 NUDT22
SLC44A1 2.51796949237738e-09 0.521283440621556 0.141 0.082 6.75873371143937e-05 SLC44A1
CNR1 2.6263248771929e-09 0.754230144920999 0.15 0.085 7.04958123536117e-05 CNR1
M6PR 2.68930602731984e-09 0.387397923836218 0.267 0.199 7.21863523853193e-05 M6PR
GRINA 2.90896052079882e-09 0.499884814407954 0.311 0.227 7.80823182992819e-05 GRINA
RPS10-NUDT3 3.10588632548619e-09 0.411539040423223 0.263 0.192 8.33682007487004e-05 RPS10-NUDT3
NME4 3.20047812970519e-09 0.4022157418237 0.167 0.109 8.59072339575468e-05 NME4
ICAM3 3.22778286781024e-09 0.427146077506366 0.499 0.429 8.66401477377625e-05 ICAM3
PRDX2 3.44474077265308e-09 0.435856212169223 0.165 0.097 9.2463731819554e-05 PRDX2
HSD17B11 3.86377860057385e-09 0.364179807255223 0.25 0.197 0.000103711545196603 HSD17B11
SSR3 3.90585285425097e-09 0.483988764050984 0.212 0.15 0.000104840902313805 SSR3
GPAA1 4.04916755121072e-09 0.469835687327647 0.204 0.144 0.000108687755409598 GPAA1
BIN1 4.05525958417786e-09 -0.568232083423569 0.189 0.266 0.000108851277758502 BIN1
RGPD2 4.44080363887146e-09 -0.597423813199616 0.139 0.213 0.000119200051274588 RGPD2
WBP1 4.68305045178825e-09 0.585610505641646 0.214 0.152 0.0001257024402269 WBP1
HLA-DQB1 4.91745108098642e-09 -0.363220936268962 0.642 0.672 0.000131994221915837 HLA-DQB1
EML6 4.96021624954652e-09 0.382082349860958 0.358 0.291 0.000133142124570328 EML6
TRAM2 5.2800907696589e-09 0.275023868664415 0.147 0.101 0.000141728196439184 TRAM2
H2AFJ 5.33195197798145e-09 0.553376536174056 0.128 0.067 0.000143120254992978 H2AFJ
SLBP 5.4840636082879e-09 -0.596154132401649 0.215 0.281 0.000147203235373664 SLBP
SHFL 5.84228740386858e-09 0.379990696848738 0.31 0.247 0.00015681867849464 SHFL
HERPUD1 5.86971020658717e-09 0.297644395903051 0.715 0.638 0.000157554761365213 HERPUD1
MRPS16 5.99278813683713e-09 0.508802130291391 0.14 0.098 0.000160858419168982 MRPS16
DHRS7 6.95030206129606e-09 0.354244749395595 0.265 0.2 0.000186560007929309 DHRS7
QTRT1 7.01311183427479e-09 0.412955752283456 0.185 0.134 0.000188245947855604 QTRT1
ENOSF1 7.97472028924829e-09 0.367778994530463 0.116 0.075 0.000214057442004003 ENOSF1
FYN 8.00983147606982e-09 -0.520129173589502 0.098 0.15 0.000214999896480666 FYN
OTUD1 9.07719558054549e-09 -0.959229712268346 0.082 0.136 0.000243650083773002 OTUD1
BATF 9.27952953780256e-09 0.289723640311901 0.127 0.078 0.000249081131853696 BATF
NAPRT 9.7727076849666e-09 0.648490962713377 0.141 0.091 0.000262319019679874 NAPRT
ARID5B 9.82145978505049e-09 -0.576676489346887 0.23 0.304 0.000263627623550325 ARID5B
POLD4 1.04931856766851e-08 0.262537184379207 0.539 0.456 0.000281658089933582 POLD4
PCBD1 1.08460098515367e-08 0.479589379216656 0.179 0.122 0.000291128596434948 PCBD1
CNOT6L 1.12793955744751e-08 -0.482793720199125 0.367 0.436 0.00030276153601006 CNOT6L
TMED9 1.15767290434343e-08 0.33839196280016 0.316 0.244 0.000310742560983864 TMED9
SDF2L1 1.31460764714693e-08 0.495417597086305 0.174 0.112 0.00035286698464718 SDF2L1
HLA-DOB 1.35615553660765e-08 0.564918848986933 0.255 0.185 0.000364019269136226 HLA-DOB
TNF 1.3659979538227e-08 -0.83637665457776 0.063 0.104 0.000366661170765088 TNF
RPS6KA1 1.43041272824591e-08 0.259980473088407 0.131 0.098 0.000383951384515768 RPS6KA1
FKBP2 1.60201617436913e-08 0.447844702726284 0.205 0.141 0.000430013181524161 FKBP2
UBL5 1.82373878682747e-08 0.263309493687016 0.534 0.47 0.00048952796516023 UBL5
JADE2 2.04941884441807e-08 0.463550471780522 0.244 0.169 0.0005501050062187 JADE2
SUSD3 2.10845819305205e-08 0.685517699558935 0.175 0.113 0.000565952348179032 SUSD3
C16orf74 2.13781224887131e-08 0.292380182682316 0.413 0.33 0.000573831563842038 C16orf74
CHST15 2.17888754630218e-08 0.413875848961108 0.184 0.117 0.000584856995178431 CHST15
HIF1A 2.42722148281918e-08 -0.419455849743658 0.271 0.33 0.000651514790418325 HIF1A
TMEM59 2.46936344692272e-08 0.286644052820556 0.44 0.348 0.000662826536422995 TMEM59
HM13 2.57576112030849e-08 0.28110638691729 0.232 0.169 0.000691385799913205 HM13
NREP 2.77935496599039e-08 0.501361649071757 0.132 0.082 0.00074603445997114 NREP
GNB2 2.92158355349543e-08 0.263359260780981 0.406 0.335 0.000784211457429245 GNB2
LMO4 3.05053905810542e-08 0.440140609787885 0.163 0.101 0.000818825693976657 LMO4
CD83 3.11452666099329e-08 -0.359969400178567 0.687 0.685 0.00083600124634382 CD83
LAGE3 3.16346305865708e-08 0.527284985865268 0.178 0.122 0.000849136754204733 LAGE3
MRPL41 3.66014325136702e-08 0.321968752327771 0.246 0.178 0.000982455651531936 MRPL41
FMNL1 3.78832157302884e-08 -0.459058428061003 0.339 0.392 0.0010168612766324 FMNL1
TCTN3 4.14158156138315e-08 0.385248069219198 0.153 0.106 0.00111168332270647 TCTN3
CBLB 4.32890347548434e-08 -0.520203502134412 0.403 0.489 0.00116196427088951 CBLB
HSD17B4 4.45759820797745e-08 0.419836658972064 0.137 0.092 0.00119650851098531 HSD17B4
IRF2BP1 4.58545304070966e-08 0.750719339570755 0.101 0.056 0.00123082730518729 IRF2BP1
PPFIBP2 4.58826193473848e-08 -0.50940093716945 0.33 0.399 0.0012315812685225 PPFIBP2
MRPL40 4.91206533365842e-08 0.404233759413344 0.159 0.118 0.00131849657686059 MRPL40
RAB11B 4.94360035855679e-08 0.270431792840356 0.438 0.37 0.00132696120824381 RAB11B
GADD45GIP1 5.12082821191828e-08 0.278371054921802 0.308 0.242 0.0013745327086431 GADD45GIP1
EBPL 5.46458667407022e-08 0.395796650854364 0.131 0.097 0.00146680435505393 EBPL
CLPTM1L 5.96277569287848e-08 0.356470154204834 0.214 0.147 0.00160052825148244 CLPTM1L
NSMCE1 5.99121033439201e-08 0.387311923904037 0.161 0.109 0.0016081606779575 NSMCE1
CBX1 6.27112293909984e-08 0.537002941957987 0.103 0.073 0.00168329481931318 CBX1
PRCD 6.51013543817507e-08 0.576427513867397 0.113 0.066 0.00174745055431495 PRCD
MRPS34 7.46467135395318e-08 0.396266202198648 0.204 0.147 0.00200366708482811 MRPS34
KLF6 8.74009136952492e-08 -0.334646639131711 0.753 0.749 0.00234601532540788 KLF6
PNKD 8.94406018216325e-08 0.443570173952555 0.244 0.179 0.00240076463409626 PNKD
SEC24D 9.29464947771939e-08 0.31287656111634 0.162 0.114 0.00249486981280944 SEC24D
SIT1 9.41367355646507e-08 0.520629859632114 0.207 0.14 0.00252681825602635 SIT1
TTN 1.00232720249391e-07 -0.317395805449626 0.255 0.313 0.00269044667693415 TTN
STUB1 1.07477378011653e-07 0.260222831009382 0.33 0.277 0.00288490778058879 STUB1
UBE2L6 1.109582365125e-07 0.29971186653955 0.21 0.157 0.00297834098446852 UBE2L6
EPRS 1.17627450049642e-07 0.38837590848337 0.223 0.166 0.00315735601423249 EPRS
RIC3 1.2093671523618e-07 -0.471228110231879 0.163 0.257 0.00324618331036954 RIC3
IGHV3-7 1.2494514359905e-07 0.557764867343872 0.193 0.273 0.00335377754448569 IGHV3-7
TRIM22 1.29445847177187e-07 -0.280321000500766 0.39 0.439 0.00347458542993006 TRIM22
PATJ 1.3667134070337e-07 0.280049645689177 0.164 0.095 0.00366853212715984 PATJ
MROH1 1.4042548425816e-07 0.61999659923823 0.114 0.061 0.00376930084845752 MROH1
TMEM230 1.55972167489911e-07 0.368532201338224 0.298 0.228 0.00418660491976419 TMEM230
MANF 1.6464148943147e-07 0.489543040305518 0.148 0.095 0.00441930685931953 MANF
MAP3K8 1.72419619712664e-07 -0.54751577315853 0.325 0.399 0.00462808743232734 MAP3K8
LRP10 1.72438932033856e-07 0.264460752326718 0.327 0.271 0.00462860581365277 LRP10
CTSH 1.76500740415324e-07 0.331774772914139 0.51 0.432 0.00473763287422811 CTSH
SSR1 1.83997084951428e-07 0.294491789441626 0.244 0.177 0.00493884975426624 SSR1
PNOC 1.94312613246954e-07 1.00765058685756 0.235 0.174 0.00521573916477474 PNOC
SNHG32 1.97979783969761e-07 0.390824408017394 0.338 0.271 0.00531417336131632 SNHG32
LMAN2 2.19737964749975e-07 0.385195828008833 0.289 0.223 0.00589820644981883 LMAN2
ATP8A1 2.23633804468381e-07 -0.948203225830396 0.076 0.125 0.00600277857954027 ATP8A1
KRAS 2.33192523093568e-07 -0.520288755736398 0.302 0.38 0.00625935370487755 KRAS
GADD45A 2.60609694943968e-07 0.634414843344419 0.126 0.073 0.00699528543168599 GADD45A
CASP1 2.60991859432174e-07 0.313872912902951 0.133 0.094 0.00700554349087842 CASP1
CYHR1 2.66486122559277e-07 0.690694806248483 0.142 0.09 0.00715302050173611 CYHR1
TMEM14C 2.87083976441769e-07 0.506152722753107 0.186 0.129 0.00770590809564997 TMEM14C
TMEM238 2.90416962586739e-07 0.373543810319318 0.155 0.112 0.00779537210975325 TMEM238
REPIN1 3.0354540090339e-07 0.33533636262086 0.251 0.192 0.00814776565104879 REPIN1
ACSM3 3.33140418133597e-07 -0.846029662843121 0.192 0.242 0.00894215510354202 ACSM3
AL592429.2 3.49513458085264e-07 -0.362668776824138 0.181 0.249 0.00938164024192465 AL592429.2
UROS 3.69724749868526e-07 0.26143282436781 0.131 0.1 0.00992415173597098 UROS
RHOC 3.94964529577908e-07 0.528803283550924 0.12 0.077 0.0106016379029302 RHOC
MBP 3.97263668082322e-07 -0.44855891460639 0.266 0.336 0.0106633513786657 MBP
C19orf53 4.06700335136588e-07 0.329124627105055 0.485 0.393 0.0109166503957363 C19orf53
CKLF 4.12561783213637e-07 0.294535248853264 0.285 0.221 0.0110739833850204 CKLF
RNF167 4.16315117503684e-07 0.303921744401599 0.261 0.206 0.0111747303840339 RNF167
TMEM219 4.21252143149338e-07 0.298646128212372 0.376 0.302 0.0113072500264145 TMEM219
IFIT5 4.29490831526856e-07 -0.622628966051118 0.092 0.135 0.0115283928998439 IFIT5
KLF11 4.30758336535456e-07 -0.500850525447736 0.103 0.142 0.0115624152692847 KLF11
ABLIM1 4.3248968303178e-07 -0.565387557344981 0.145 0.2 0.011608888071939 ABLIM1
ECI1 4.41751100868134e-07 0.331827957075071 0.208 0.16 0.0118574830495024 ECI1
INPP5A 4.61451921473078e-07 -0.356471028785106 0.327 0.38 0.0123862924761804 INPP5A
POU2F2 4.96843593927775e-07 0.281345393638523 0.647 0.561 0.0133362757482093 POU2F2
RPN2 5.27113348088612e-07 0.266385704202834 0.378 0.304 0.0141487764893945 RPN2
RNF187 5.54453904033245e-07 0.424233870553327 0.214 0.161 0.0148826516920604 RNF187
FAM43A 5.58092069735323e-07 -0.462895135315981 0.076 0.111 0.0149803073358355 FAM43A
TMEM179B 5.86387531350327e-07 0.267028129961479 0.232 0.186 0.0157398141165055 TMEM179B
WBP2 6.09704891132827e-07 0.306826819338572 0.383 0.321 0.0163656986877874 WBP2
NDUFS8 6.28500199347397e-07 0.306756763089007 0.227 0.17 0.0168702023508828 NDUFS8
DPY30 6.93467091346309e-07 0.545553184976706 0.121 0.075 0.0186140436659176 DPY30
MXRA7 7.02442699717083e-07 -0.553775951231197 0.063 0.106 0.018854966945806 MXRA7
PKIG 7.04065712237851e-07 0.372039687696231 0.396 0.323 0.0188985318478884 PKIG
CCT3 7.47472312839233e-07 0.287751555015336 0.238 0.188 0.0200636518212307 CCT3
VASP 7.48037944433557e-07 0.346731207092264 0.331 0.278 0.0200788345044855 VASP
IGKV1-8 7.56671515868976e-07 -2.60471771668075 0.11 0.159 0.0203105768289551 IGKV1-8
SMARCA4 7.74765546639992e-07 0.284148872874596 0.136 0.099 0.0207962568029107 SMARCA4
DPM2 7.78265865509808e-07 0.402038299873948 0.11 0.072 0.0208902123620143 DPM2
PLEKHA1 7.99425832259656e-07 -0.613643416934686 0.091 0.131 0.0214581881895137 PLEKHA1
FAM3A 8.08742908576596e-07 0.490297109444214 0.157 0.115 0.021708277152013 FAM3A
SPATS2 8.0934886244949e-07 0.39978993681362 0.18 0.131 0.0217245421658692 SPATS2
USP53 8.40976515198856e-07 0.280492915223397 0.123 0.071 0.0225734916209677 USP53
AC119396.1 8.49641304684342e-07 0.29583950199452 0.248 0.181 0.0228060719003371 AC119396.1
IVNS1ABP 8.55567770103297e-07 -0.626698097669956 0.129 0.172 0.0229651500851127 IVNS1ABP
MID1IP1 8.71964404148323e-07 0.466727093263523 0.234 0.172 0.0234052685361493 MID1IP1
EMB 8.74223356357364e-07 -0.378488919682209 0.309 0.356 0.0234659033313444 EMB
NDUFB10 1.03555147368865e-06 0.351530726080086 0.335 0.268 0.0277962726567506 NDUFB10
TEX264 1.07869266157464e-06 0.355127375379882 0.179 0.133 0.0289542684219865 TEX264
HCG11 1.10469427974414e-06 0.673710812352875 0.101 0.057 0.0296522038568921 HCG11
CCS 1.14431628385516e-06 0.350337994403856 0.231 0.183 0.0307157376912403 CCS
SELENOW 1.19520162430721e-06 0.312590434924993 0.319 0.254 0.0320816019996541 SELENOW
IFI6 1.26263466632404e-06 0.644864008376318 0.119 0.072 0.03389163971347 IFI6
SH2B3 1.36362689629143e-06 -0.530290784943394 0.144 0.199 0.0366024731502546 SH2B3
CFAP298 1.37085081989255e-06 0.407666394159765 0.123 0.086 0.0367963777075557 CFAP298
NUDT5 1.40295085479411e-06 0.32787235518561 0.131 0.088 0.0376580068443835 NUDT5
RAB31 1.40367698797889e-06 -0.454454608543059 0.083 0.133 0.0376774977113294 RAB31
MAP3K11 1.44474152660841e-06 0.396733510371346 0.104 0.063 0.038779752057223 MAP3K11
SHISA5 1.44490956415095e-06 0.329917582266423 0.304 0.237 0.0387842625209397 SHISA5
NEDD8 1.48628711981937e-06 0.261790941975638 0.402 0.334 0.0398949188701914 NEDD8
CPTP 1.58877460359281e-06 0.672256192491408 0.104 0.053 0.0426458879096382 CPTP
NINJ1 1.72337584386331e-06 0.794993416623301 0.147 0.098 0.0462588544009789 NINJ1
ECHS1 1.77885048422505e-06 0.377785917022909 0.176 0.13 0.0477479046975687 ECHS1
BX284668.5 1.78305984014311e-06 0.505043429460663 0.115 0.063 0.0478608922291215 BX284668.5
AIM2 1.90390823175596e-06 0.29736450170246 0.19 0.143 0.0511047047567933 AIM2
RUBCNL 1.93511887982703e-06 -0.437103132878137 0.377 0.455 0.0519424609723171 RUBCNL
LDLRAD4 1.96695018325444e-06 -0.669825412886381 0.16 0.214 0.0527968768189158 LDLRAD4
RHOA 2.16043828532557e-06 -0.300548326451587 0.75 0.733 0.0579904844547091 RHOA
SEC11C 2.40167396752613e-06 0.301704625954758 0.303 0.257 0.0644657326363365 SEC11C
VAV3 2.45327312248403e-06 -0.513638651653123 0.197 0.267 0.0658507571537164 VAV3
NDUFA7 2.45688981072882e-06 0.296312671276985 0.261 0.204 0.065947836299583 NDUFA7
SYTL1 2.59645101917007e-06 -0.521987652259365 0.167 0.221 0.0696939382565631 SYTL1
LTB 2.69651446469381e-06 -0.285477091883648 0.63 0.65 0.0723798412613112 LTB
NFKB1 2.9659031517043e-06 -0.404869355375891 0.471 0.52 0.0796107723980469 NFKB1
SDF4 3.06198179751169e-06 0.276541720461311 0.312 0.24 0.0821897154088087 SDF4
SMIM14 3.1297728459867e-06 -0.521911274283497 0.204 0.267 0.0840093627319749 SMIM14
CDCA7L 3.21848284030473e-06 -0.47464699377007 0.111 0.153 0.0863905163994595 CDCA7L
PTPRE 3.2398258447524e-06 -0.379427330257176 0.157 0.195 0.086963405324844 PTPRE
PFKFB3 3.28947337446652e-06 -0.471696255290606 0.082 0.11 0.0882960443174304 PFKFB3
CLK2 3.35893749526609e-06 0.270282637287167 0.111 0.081 0.0901606002479324 CLK2
FDPS 3.37931600946628e-06 0.440168309970196 0.192 0.144 0.0907076003260938 FDPS
COMMD3 3.45737751921536e-06 0.320034644156129 0.195 0.148 0.0928029273707787 COMMD3
NDUFAF6 3.57238345348558e-06 0.263955532000311 0.2 0.162 0.0958899166584599 NDUFAF6
ASCC1 3.57642107461765e-06 0.475802070620329 0.127 0.091 0.0959982944848868 ASCC1
NAGLU 3.5836159449699e-06 0.401197889458986 0.11 0.073 0.0961914191948821 NAGLU
TOB1 3.60314947687561e-06 0.443650688901209 0.104 0.066 0.0967157382582952 TOB1
RAD51-AS1 3.63923909789444e-06 0.406531480527783 0.105 0.071 0.0976844558656826 RAD51-AS1
PRELID1 3.66424894034381e-06 0.356063528675429 0.396 0.322 0.0983557700567084 PRELID1
FLOT1 3.84266334739101e-06 0.495596599243336 0.209 0.145 0.103144769570669 FLOT1
HAUS1 3.89951216933812e-06 0.309818052133243 0.101 0.076 0.104670705649374 HAUS1
NFATC2 3.91616676987022e-06 -0.363389148349307 0.156 0.2 0.105117748436857 NFATC2
FCER2 3.97875364795228e-06 -0.68915972173267 0.235 0.287 0.106797705418335 FCER2
POMC 3.99945194799814e-06 -0.766666112867848 0.082 0.124 0.107353289188166 POMC
RNF5 4.05636912087619e-06 0.352884652553786 0.133 0.095 0.108881059942559 RNF5
ZEB2 4.06723414478877e-06 -0.483294156321717 0.387 0.446 0.10917269891442 ZEB2
ICAM2 4.21372676023594e-06 0.335447496068322 0.145 0.104 0.113104853698253 ICAM2
RPRD1A 4.27851488679723e-06 0.457983998840627 0.134 0.099 0.114843896591411 RPRD1A
AMN 4.28965865204146e-06 0.616035587545707 0.116 0.076 0.115143017538097 AMN
TAPBPL 4.43058714023205e-06 0.438611523284801 0.148 0.101 0.118925820018109 TAPBPL
SNHG15 4.48324661088104e-06 -0.340920292196384 0.18 0.205 0.120339305529269 SNHG15
CSNK1E 4.54741632372758e-06 0.454324984863556 0.266 0.196 0.122061748961496 CSNK1E
AC011476.3 4.5507327564694e-06 -0.658384402166771 0.067 0.114 0.122150768649152 AC011476.3
CIAO2A 4.57275705244474e-06 0.279020242259313 0.335 0.273 0.122741944801722 CIAO2A
SURF1 4.58509444634817e-06 0.355544397587784 0.21 0.167 0.123073105128878 SURF1
OSBPL8 4.67849875438285e-06 -0.518887603948574 0.348 0.393 0.125580263565145 OSBPL8
TMED3 5.01063492610787e-06 0.308042588057691 0.15 0.113 0.134495462686588 TMED3
PGP 5.01637928239716e-06 0.397264017206204 0.136 0.103 0.134649652698105 PGP
FBL 5.02760909128047e-06 0.26510796293898 0.364 0.302 0.13495108322815 FBL
LGALS9 5.11434560082552e-06 -0.831076556170848 0.075 0.111 0.137279264617359 LGALS9
CD320 5.29558811439988e-06 0.602244507676491 0.139 0.083 0.142144176166722 CD320
NDUFB7 5.39097608721343e-06 0.366699894374756 0.292 0.234 0.144704580132983 NDUFB7
CORO1B 5.46847208377397e-06 0.301896796468644 0.358 0.291 0.146784727672661 CORO1B
PLEKHG1 5.50132250761621e-06 -0.311326415224249 0.641 0.648 0.147666498749434 PLEKHG1
SUPT20H 5.57477123962389e-06 0.257234164553852 0.131 0.102 0.149638009613984 SUPT20H
TAX1BP3 5.77331408256765e-06 0.481248689546263 0.108 0.077 0.154967296604281 TAX1BP3
MPPE1 5.8793907826259e-06 0.309234676097702 0.185 0.15 0.157814607387244 MPPE1
PYCR2 5.91674645261669e-06 0.517723990678016 0.165 0.105 0.158817308281137 PYCR2
PDIA4 6.11923892845705e-06 0.431555867443192 0.146 0.092 0.164252611317644 PDIA4
MRPS26 6.29434653272537e-06 0.357984495693328 0.168 0.126 0.168952849631414 MRPS26
SMIM29 6.40180664042698e-06 0.390399264167525 0.181 0.131 0.171837293842341 SMIM29
NDUFB11 6.49107855335918e-06 0.253996985819079 0.468 0.403 0.174233530529267 NDUFB11
ZNF791 6.55656479051322e-06 -0.379328915050204 0.274 0.318 0.175991312106956 ZNF791
CLECL1 7.46769363909216e-06 0.27852547976369 0.356 0.302 0.200447832660512 CLECL1
HIST1H2BK 7.47249157056124e-06 0.445596241910218 0.159 0.113 0.200576618737005 HIST1H2BK
CD63 7.59746163646527e-06 0.423816164698276 0.255 0.179 0.203931065246001 CD63
SLC15A4 7.63702126791876e-06 -0.408642033496643 0.202 0.248 0.204992924873475 SLC15A4
CMTM6 8.09662811658506e-06 -0.31548204979297 0.321 0.367 0.217329691905376 CMTM6
ANKZF1 8.26266877802926e-06 0.309849789900962 0.129 0.102 0.221786555339861 ANKZF1
GEN1 8.48551331134512e-06 -0.448725642470344 0.157 0.208 0.227768148303126 GEN1
PHACTR1 8.83127633825178e-06 -0.342962518171042 0.307 0.348 0.237049119471354 PHACTR1
NDUFAF3 9.25856151052973e-06 0.435911577079716 0.215 0.153 0.248518308065639 NDUFAF3
PAGR1 9.47148856690841e-06 0.519280012421899 0.146 0.099 0.254233696112955 PAGR1
AC073111.4 9.76979167904107e-06 0.690193020138026 0.184 0.117 0.26224074824882 AC073111.4
SMAD5 1.00795294949778e-05 0.424596721112048 0.122 0.089 0.270554730704193 SMAD5
SASH3 1.01416976918413e-05 -0.540518991259911 0.264 0.314 0.272223449444404 SASH3
SYS1 1.02339084567776e-05 -0.45603450786787 0.16 0.212 0.274698570796823 SYS1
SLC2A3 1.0763754319926e-05 -0.39313765259189 0.422 0.475 0.288920693455454 SLC2A3
UBE2M 1.09133835075947e-05 0.255327775307523 0.283 0.229 0.292937040110857 UBE2M
TALDO1 1.11406937383602e-05 0.300906099798439 0.256 0.198 0.299038501325066 TALDO1
ANAPC11 1.11595431387664e-05 0.328463897586583 0.306 0.248 0.299544456930767 ANAPC11
RAP2C 1.12510189563685e-05 -0.495887580504833 0.099 0.13 0.301999850826844 RAP2C
HMGN3 1.17302781051461e-05 0.277365110941051 0.319 0.264 0.314864124898331 HMGN3
BEX4 1.1760251626134e-05 -0.392954098244651 0.157 0.198 0.315668674148688 BEX4
P4HB 1.23756817075683e-05 0.251925006919213 0.341 0.282 0.33218804839455 P4HB
HLA-G 1.28119811874335e-05 -0.423211281067858 0.092 0.138 0.34389919903309 HLA-G
MRPL55 1.30004348457012e-05 0.408545668506509 0.161 0.123 0.34895767212831 MRPL55
ILF3-DT 1.30515358829497e-05 0.475175476800637 0.211 0.15 0.350329326170135 ILF3-DT
HIKESHI 1.38490374098947e-05 0.312714316381223 0.133 0.099 0.371735862156393 HIKESHI
IGHD 1.41175364774986e-05 -0.48106344426917 0.175 0.223 0.378942914129017 IGHD
SSRP1 1.41782959480392e-05 0.419773438359896 0.173 0.13 0.380573819837268 SSRP1
GSK3A 1.44958194088093e-05 0.440964955640241 0.142 0.104 0.389096784571258 GSK3A
MCRIP2 1.47733305234864e-05 0.370379603202786 0.112 0.085 0.396545737911422 MCRIP2
SH2B1 1.47851251896435e-05 0.344865093537051 0.117 0.077 0.396862330340412 SH2B1
IFNGR1 1.48622781374074e-05 -0.562213690078488 0.139 0.189 0.398933269764289 IFNGR1
ORAI3 1.49902911328352e-05 0.432350092163468 0.167 0.122 0.402369394587561 ORAI3
BHLHE40 1.53226112900655e-05 -0.39358270011875 0.093 0.118 0.411289532247937 BHLHE40
MRPL24 1.75548768316845e-05 0.542938563225005 0.108 0.075 0.471208003916075 MRPL24
PIGP 1.82628749031948e-05 0.50845990474432 0.102 0.068 0.490212088151555 PIGP
YBX1 1.91646042261297e-05 -0.309249154835426 0.695 0.695 0.514416306637774 YBX1
THAP11 1.93863000625108e-05 0.369528053180944 0.133 0.092 0.520367066277915 THAP11
APLP2 1.98081716118023e-05 -0.580240116540403 0.104 0.143 0.531690942403999 APLP2
FKBP11 2.05813389834211e-05 0.389194378628629 0.144 0.095 0.552444300992988 FKBP11
SPIB 2.06578894158633e-05 0.311693269124371 0.448 0.394 0.554499067700602 SPIB
DENND3 2.10154222134732e-05 -0.586610912338355 0.107 0.149 0.564095963054047 DENND3
THAP4 2.11557542646147e-05 0.349408360025238 0.114 0.089 0.567862755970788 THAP4
SLC52A2 2.14797956626522e-05 0.631751803594302 0.11 0.069 0.57656067517691 SLC52A2
MYO1E 2.35262063444408e-05 -0.379896459805709 0.084 0.105 0.631490430697479 MYO1E
MGAT1 2.37351625017961e-05 0.317330297778773 0.151 0.109 0.637099231873211 MGAT1
COPG1 2.46577655048156e-05 0.38041812988756 0.117 0.078 0.661863741680262 COPG1
ZFP36 2.86171148527327e-05 -0.316418432417785 0.829 0.802 0.76814059687705 ZFP36
IRF3 2.88078000777617e-05 0.303340144491777 0.191 0.139 0.773258969687279 IRF3
ELOVL5 2.93024729201914e-05 -0.42183287418766 0.291 0.348 0.786536978123776 ELOVL5
FBXO10 2.97992833496752e-05 -0.419155453965668 0.171 0.205 0.799872363671982 FBXO10
WTAP 2.99673845570142e-05 -0.288582913552626 0.509 0.552 0.804384536279376 WTAP
TUBB4B 3.09849530370934e-05 -0.298579893349106 0.226 0.262 0.83169810942166 TUBB4B
RTL8C 3.21242550915223e-05 0.283755567110154 0.1 0.072 0.862279255166642 RTL8C
ZBTB43 3.26712885141853e-05 -0.340811085068736 0.09 0.113 0.876962726297763 ZBTB43
PFDN6 3.28990709386511e-05 0.378097682251867 0.125 0.088 0.883076862135274 PFDN6
AARS 3.30382920862664e-05 0.251625764082003 0.104 0.065 0.886813836179564 AARS
ATP5MC1 3.43678371766927e-05 0.251640195826282 0.265 0.21 0.922501485496787 ATP5MC1
ASXL1 3.4604363088591e-05 -0.290136363322572 0.463 0.492 0.92885031402396 ASXL1
MRPL51 3.55037714288595e-05 0.428947383588157 0.139 0.098 0.952992232693445 MRPL51
NFKBIE 3.68073483371509e-05 -0.432738731331689 0.132 0.173 0.987982844065806 NFKBIE
BOD1L1 3.71920626788557e-05 -0.374840286618941 0.441 0.483 0.998309346425844 BOD1L1
JAZF1 3.78324928295131e-05 -0.523223550572817 0.2 0.254 1 JAZF1
IRF2 3.83381778274372e-05 0.332008967481175 0.194 0.144 1 IRF2
TOR3A 4.13635552646953e-05 0.280673722134729 0.296 0.24 1 TOR3A
DRAM1 4.30942674491067e-05 0.251123523541621 0.182 0.14 1 DRAM1
NMRAL1 5.11425059253169e-05 0.262145180136832 0.125 0.1 1 NMRAL1
COL9A3 5.13947435962637e-05 -0.530571750843654 0.163 0.2 1 COL9A3
CSGALNACT1 5.1587189627729e-05 -0.38376390918342 0.361 0.433 1 CSGALNACT1
APOBEC3C 5.16393735864694e-05 0.469890455557689 0.137 0.098 1 APOBEC3C
POLR2E 5.25341351822566e-05 0.259247532498125 0.315 0.254 1 POLR2E
IGFLR1 5.28704572226374e-05 -0.370450135233789 0.19 0.241 1 IGFLR1
HYI 5.43080726093185e-05 0.414016392555269 0.125 0.087 1 HYI
GPR160 5.45883230291535e-05 0.610600151341143 0.124 0.08 1 GPR160
DNASE2 5.58647224804856e-05 0.282586102374378 0.119 0.086 1 DNASE2
RGS1 5.58912109428389e-05 0.388375155666556 0.165 0.109 1 RGS1
MMP24OS 5.75233778689144e-05 0.256552340874778 0.318 0.264 1 MMP24OS
PDIA6 5.91485342675772e-05 0.316018770376934 0.337 0.28 1 PDIA6
FAM219B 6.06889212645506e-05 0.388759204747789 0.115 0.079 1 FAM219B
ANTKMT 6.10546789782625e-05 0.386387684830113 0.185 0.136 1 ANTKMT
MCUB 6.21977896093078e-05 -0.273092957446112 0.232 0.272 1 MCUB
SHLD1 6.39834978557643e-05 0.294542671459294 0.156 0.12 1 SHLD1
KBTBD2 6.64889754472396e-05 -0.517974189522168 0.163 0.213 1 KBTBD2
RAP1B 6.6931107785923e-05 -0.357483387516335 0.462 0.503 1 RAP1B
RHOG 6.72965015438007e-05 -0.343214163379377 0.327 0.383 1 RHOG
YIF1A 6.7794419068544e-05 0.349882843057296 0.151 0.112 1 YIF1A
AP1S3 7.14021795078079e-05 -0.342358896223902 0.22 0.256 1 AP1S3
CDIPT 7.23579521403042e-05 0.357090861314903 0.114 0.081 1 CDIPT
DHPS 7.37655704048568e-05 0.258733661151584 0.241 0.201 1 DHPS
LSM10 7.53515918783274e-05 0.398143042708164 0.183 0.133 1 LSM10
SKIL 7.59552203179202e-05 -0.364465505970599 0.402 0.433 1 SKIL
ZNF280D 7.6478042730462e-05 0.285947850429653 0.183 0.135 1 ZNF280D
WDR6 7.81046920106271e-05 0.297846648871293 0.153 0.113 1 WDR6
PLK3 7.84967009156403e-05 -0.327350593159094 0.11 0.132 1 PLK3
LSM2 7.86371103263897e-05 0.310989662556053 0.276 0.217 1 LSM2
MYO1C 7.91195607376243e-05 -0.448378071596782 0.15 0.185 1 MYO1C
BTBD1 7.95200638201823e-05 -0.461318649864698 0.177 0.214 1 BTBD1
MVD 8.11964035827894e-05 0.439769234737128 0.106 0.077 1 MVD
NDRG1 8.15107100593672e-05 -0.464963788456216 0.093 0.126 1 NDRG1
PRDX4 8.20041884928641e-05 0.481190474662642 0.131 0.096 1 PRDX4
IFNGR2 8.80338322757658e-05 -0.346201913676694 0.522 0.527 1 IFNGR2
MPEG1 9.24328970865176e-05 -0.32714942276919 0.214 0.252 1 MPEG1
STXBP2 9.57086875800909e-05 0.29290707248453 0.269 0.226 1 STXBP2
MEA1 0.000101003442175353 0.272731410250476 0.205 0.165 1 MEA1
MRPS31 0.000104586971726742 0.384754784069764 0.107 0.075 1 MRPS31
TRADD 0.00010882950118205 0.26660195224454 0.128 0.098 1 TRADD
PIK3IP1 0.000109749621371949 -0.292273846718394 0.247 0.272 1 PIK3IP1
C12orf10 0.000111281198666198 0.325762125551603 0.119 0.087 1 C12orf10
PRKCE 0.000111537550459017 -0.394480058689627 0.464 0.507 1 PRKCE
PDE6D 0.000120513341462726 0.450773356659493 0.107 0.073 1 PDE6D
CERS4 0.000124954514083111 0.346095381229975 0.235 0.188 1 CERS4
NDUFB5 0.000128850380989187 0.3236428809755 0.159 0.127 1 NDUFB5
LAP3 0.000129152323982074 -0.446566385373141 0.121 0.161 1 LAP3
FCRL1 0.000132283551114884 -0.318196638729015 0.359 0.42 1 FCRL1
NR4A2 0.000134343182003252 0.329113912528452 0.483 0.412 1 NR4A2
MYL12B 0.000137064747187542 -0.256934025455378 0.478 0.503 1 MYL12B
BEX2 0.000138554553129446 0.33297919965512 0.187 0.141 1 BEX2
AKR1A1 0.000143805719705132 0.255865098933078 0.234 0.186 1 AKR1A1
SOCS1 0.000145269773781723 -0.369746378699781 0.22 0.257 1 SOCS1
SLC39A1 0.000147113193305701 0.440263874296083 0.1 0.069 1 SLC39A1
ZDHHC21 0.000149402764223496 -0.514474122906583 0.236 0.281 1 ZDHHC21
NIFK 0.000154658761229894 -0.2975444839179 0.145 0.157 1 NIFK
ICAM1 0.000158531826686795 0.254518231340858 0.117 0.086 1 ICAM1
SLC7A1 0.000170652756064551 -0.397159710972165 0.121 0.15 1 SLC7A1
SPOPL 0.000179751412489747 -0.374460953656295 0.189 0.233 1 SPOPL
IGLC2 0.000186815335361007 0.968949111330547 0.185 0.153 1 IGLC2
ARL16 0.000191554214792942 0.301257487299083 0.129 0.091 1 ARL16
CAPN1 0.000191824307274814 0.271102885544252 0.187 0.154 1 CAPN1
RRP36 0.000193829513999165 0.345754182906869 0.107 0.075 1 RRP36
RTN3 0.000198333827517827 0.271187782133728 0.113 0.083 1 RTN3
DNPH1 0.000199321444328833 0.324638887626095 0.188 0.146 1 DNPH1
ABHD14A 0.000200805274593544 0.448543239391222 0.124 0.089 1 ABHD14A
ATPAF1 0.000209292082038589 0.266425669409022 0.11 0.078 1 ATPAF1
PPP4R1 0.000231095421534154 -0.435869975022888 0.105 0.137 1 PPP4R1
PPIL4 0.000234439597257069 -0.254282332490435 0.233 0.257 1 PPIL4
TSR3 0.000235378094487148 0.371330674421786 0.187 0.15 1 TSR3
WHAMM 0.00024066827550844 -0.42029754404276 0.267 0.3 1 WHAMM
ZMYND8 0.000240914454052471 0.257815320742555 0.184 0.135 1 ZMYND8
RABL6 0.000242355341449989 0.296597055205917 0.172 0.133 1 RABL6
PSENEN 0.000243871919464922 0.36777318695804 0.168 0.131 1 PSENEN
DYNLRB1 0.000244301326160141 0.25914683260438 0.256 0.215 1 DYNLRB1
IDH3G 0.000246665959238545 0.398022041599481 0.208 0.157 1 IDH3G
PARP12 0.000249182832271855 -0.315618561958069 0.127 0.167 1 PARP12
CSNK1D 0.000253085366906922 -0.380224443711122 0.266 0.312 1 CSNK1D
DCXR 0.000257827401462419 0.285458718702548 0.27 0.227 1 DCXR
PPT1 0.000263443340217606 0.320280864423421 0.112 0.078 1 PPT1
EBAG9 0.000264083828622523 0.276357981721471 0.142 0.106 1 EBAG9
FASTK 0.000268975253285367 0.385721065249391 0.161 0.124 1 FASTK
ACSF3 0.000269758802453244 0.251162394290121 0.141 0.102 1 ACSF3
DGKD 0.000286078278176058 -0.327631905383461 0.23 0.261 1 DGKD
IGKV4-1 0.000305335423498304 2.3506316655301 0.234 0.217 1 IGKV4-1
LAMTOR3 0.000308530334698148 -0.486649800611489 0.11 0.145 1 LAMTOR3
CCDC93 0.0003118035648279 -0.400169786589225 0.213 0.237 1 CCDC93
MAP3K5 0.000313075904089253 -0.503977800966346 0.157 0.187 1 MAP3K5
HINT2 0.00032074171347289 0.292300202777547 0.142 0.11 1 HINT2
GMEB2 0.00032146742660016 -0.301653040668392 0.121 0.135 1 GMEB2
NELFE 0.000325349312274286 0.268727831377497 0.186 0.154 1 NELFE
MAPRE1 0.000346629924766425 -0.356183727295924 0.24 0.274 1 MAPRE1
NDUFB3 0.000348391634301828 0.361568054393933 0.14 0.105 1 NDUFB3
LTV1 0.000354788177749506 -0.370277685827487 0.108 0.136 1 LTV1
MRPS6 0.000359649242715248 0.257647451129815 0.177 0.146 1 MRPS6
BNIP2 0.000359813855216462 -0.373464062481785 0.389 0.432 1 BNIP2
SGK3 0.000361954758733354 0.305373944073255 0.109 0.082 1 SGK3
VKORC1 0.000393256064065556 0.456398253969319 0.102 0.066 1 VKORC1
RAVER1 0.000411057379268848 0.30318707724388 0.116 0.083 1 RAVER1
NCK2 0.000418992986298733 -0.384095359542674 0.343 0.39 1 NCK2
SNX15 0.000423662876009201 0.447010231361278 0.112 0.085 1 SNX15
RBM3 0.000424270060127991 -0.283817360134615 0.689 0.671 1 RBM3
APOBEC3G 0.000431060977234142 0.398967962270128 0.158 0.117 1 APOBEC3G
CXXC1 0.000435168231003816 0.449829599803473 0.125 0.09 1 CXXC1
EIF2AK4 0.000447279377366463 0.451865267445407 0.121 0.083 1 EIF2AK4
ATP13A1 0.000447398042714895 0.339569719975911 0.136 0.097 1 ATP13A1
NXPE3 0.000455775895714545 0.321797372254676 0.109 0.078 1 NXPE3
NOSIP 0.000470112682980812 0.293795598546875 0.222 0.174 1 NOSIP
SESN3 0.000477718760914315 -0.390398894789016 0.312 0.352 1 SESN3
ASXL2 0.00048151951874508 0.260239996668441 0.141 0.107 1 ASXL2
ANKMY1 0.000511149595225136 0.326011579127473 0.114 0.084 1 ANKMY1
SNRPB2 0.000520725463047692 -0.316419610178572 0.261 0.285 1 SNRPB2
ZFP36L1 0.000532529643305888 -0.308199227074441 0.544 0.564 1 ZFP36L1
MRPL4 0.000535300803536224 0.286278028994224 0.202 0.167 1 MRPL4
NUP58 0.000554149719623259 -0.31420160114394 0.31 0.334 1 NUP58
TMEM205 0.000554377680040504 0.388409191874031 0.173 0.126 1 TMEM205
SC5D 0.00055736698100129 -0.535565390059002 0.079 0.106 1 SC5D
PIK3CA 0.000585615562608088 -0.37636761409039 0.257 0.288 1 PIK3CA
POP5 0.000613733748031862 0.269767477345363 0.165 0.122 1 POP5
AP2M1 0.000614986414194012 0.291471195678694 0.295 0.248 1 AP2M1
MLXIP 0.000630046032287881 -0.405133865606319 0.097 0.123 1 MLXIP
MED16 0.000638274013894814 0.269982836398164 0.144 0.116 1 MED16
KDM7A 0.000640338655333264 -0.595940778373662 0.226 0.279 1 KDM7A
KDM6B 0.000661637475293376 -0.361108234147799 0.265 0.293 1 KDM6B
C11orf24 0.00066957383525284 0.274469101971863 0.147 0.113 1 C11orf24
TNIP2 0.000693993923305911 -0.297642057977646 0.098 0.118 1 TNIP2
ZNF217 0.000701228632800389 0.285970297253969 0.158 0.12 1 ZNF217
CEP128 0.000713246306521051 0.285204718319697 0.116 0.083 1 CEP128
SLC35D2 0.000748802425069916 0.428684384244999 0.14 0.112 1 SLC35D2
TWF2 0.000756640064369216 0.307914136179053 0.153 0.12 1 TWF2
AC105402.3 0.000766516797601949 -0.278157977422646 0.163 0.197 1 AC105402.3
NR3C1 0.000777022204935955 -0.340226032322075 0.455 0.484 1 NR3C1
DHTKD1 0.00078468388901436 0.377775864208657 0.12 0.092 1 DHTKD1
PIN1 0.000795373961485435 0.430505005876832 0.248 0.19 1 PIN1
SSBP4 0.000799580658872008 0.286666127571531 0.371 0.303 1 SSBP4
AP001636.3 0.000805933338101698 0.270367109435706 0.143 0.104 1 AP001636.3
HES1 0.000821873668647825 -0.286495389436774 0.105 0.134 1 HES1
ILK 0.000838256747705056 0.252828807239446 0.126 0.096 1 ILK
CDK4 0.000848880006836294 0.422746871630214 0.126 0.092 1 CDK4
CBLL1 0.000858855065968654 -0.360527708397048 0.151 0.18 1 CBLL1
TACC3 0.000865062097637782 -0.424503231005171 0.098 0.121 1 TACC3
MAP3K2 0.000905093528805518 -0.283394569730504 0.44 0.461 1 MAP3K2
LINC00667 0.000909476571982892 0.284326613619096 0.153 0.117 1 LINC00667
NUDCD2 0.000931835922254613 0.42575945468168 0.11 0.082 1 NUDCD2
HCP5 0.000945001929994049 0.385482158328472 0.135 0.094 1 HCP5
MBD1 0.000973812574116795 0.407397749870272 0.144 0.102 1 MBD1
MITD1 0.000992324661074322 0.334332210009515 0.116 0.09 1 MITD1
MED14 0.000998128866626719 -0.486254051464852 0.103 0.135 1 MED14
WRN 0.00100713387545028 -0.432666988675659 0.096 0.116 1 WRN
ARID5A 0.00102205565375392 -0.538297143686078 0.153 0.194 1 ARID5A
CDC25B 0.00102748785389125 0.295665475619677 0.117 0.086 1 CDC25B
WDR34 0.00103606700624239 0.296028714068962 0.122 0.108 1 WDR34
APEH 0.0010385415386603 0.342138454510923 0.114 0.085 1 APEH
TMEM147 0.00103860966457563 0.326358523097411 0.224 0.178 1 TMEM147
ACD 0.00105545531398006 0.381096605574482 0.118 0.092 1 ACD
TPST2 0.00105673435418623 0.507878953051545 0.126 0.092 1 TPST2
AL392172.1 0.00107625132318132 0.33593897469716 0.118 0.089 1 AL392172.1
PRNP 0.0010871083072054 -0.31132796943055 0.214 0.244 1 PRNP
AC010226.1 0.001106329031803 0.29379669096821 0.113 0.082 1 AC010226.1
BCL2L11 0.00112164380450039 -0.256594011101879 0.256 0.3 1 BCL2L11
ACAA2 0.00113346993547708 0.308437078163346 0.107 0.082 1 ACAA2
SNRPA1 0.00114775134780462 -0.289124852657552 0.362 0.396 1 SNRPA1
C12orf49 0.00116587550779921 -0.305231122702497 0.116 0.141 1 C12orf49
CHID1 0.00117245372109324 0.272242787450354 0.111 0.073 1 CHID1
OPA1 0.0011979758236724 -0.282695839115075 0.261 0.287 1 OPA1
SAMM50 0.00120430665307339 0.334664944727992 0.104 0.086 1 SAMM50
RABGGTB 0.00120936837094593 -0.331321064294309 0.196 0.217 1 RABGGTB
CARD9 0.00120977802818073 0.374929807949012 0.1 0.073 1 CARD9
ADAM28 0.00121434215207243 -0.86006095061444 0.148 0.2 1 ADAM28
ZGPAT 0.00122594385950196 0.32288632692677 0.116 0.095 1 ZGPAT
PCED1A 0.0012929790826507 0.282726014067406 0.125 0.09 1 PCED1A
POLR2H 0.001309372427409 0.337083809889121 0.107 0.084 1 POLR2H
PRR14 0.00133342951489281 0.361478493661906 0.107 0.087 1 PRR14
TCEAL3 0.00135875505979457 0.44766600950556 0.11 0.082 1 TCEAL3
MRPS18B 0.00139734755153973 0.260313988678073 0.163 0.141 1 MRPS18B
TRAPPC3 0.00141114263634434 0.288161937869069 0.179 0.137 1 TRAPPC3
CBWD1 0.00141576545067664 0.279229181754993 0.1 0.072 1 CBWD1
NUDT3 0.0014395421977108 -0.388114234225633 0.149 0.173 1 NUDT3
CDK17 0.00147434921551445 -0.351547349912224 0.276 0.309 1 CDK17
METTL26 0.00156271945396254 0.256323995223677 0.261 0.215 1 METTL26
PDAP1 0.00157741775782106 0.321061123112494 0.239 0.195 1 PDAP1
LCP1 0.00159429166247403 -0.336057327608066 0.465 0.497 1 LCP1
RPS19BP1 0.00161767626766805 0.337088147904288 0.322 0.272 1 RPS19BP1
AC012645.3 0.00164588540014255 0.422280422067745 0.108 0.071 1 AC012645.3
RSAD1 0.00168130866906109 0.541272467119872 0.125 0.09 1 RSAD1
CEBPG 0.00171882361289172 -0.295688164905856 0.17 0.194 1 CEBPG
C4orf48 0.00172362413850915 -0.4517389038094 0.112 0.147 1 C4orf48
LINC02422 0.00172373720130679 0.309399497886388 0.105 0.085 1 LINC02422
RRM2B 0.00176698207042004 -0.32928536068654 0.145 0.163 1 RRM2B
IRAK3 0.00177541685085324 -0.441494378456483 0.101 0.137 1 IRAK3
RALA 0.00185222874590251 -0.377300412759078 0.169 0.183 1 RALA
ODC1 0.00188044921234651 -0.286135463854791 0.455 0.48 1 ODC1
SYNJ2 0.00189539003947498 -0.286763573660934 0.114 0.142 1 SYNJ2
RNF145 0.00191101867421456 -0.375414876776335 0.206 0.248 1 RNF145
VAV1 0.00192221679256783 0.323478481828016 0.156 0.125 1 VAV1
OPN3 0.00192722018860591 -0.437937663480437 0.088 0.117 1 OPN3
USP38 0.00196590367821123 -0.445463039876913 0.122 0.144 1 USP38
RRAGC 0.00197572374691905 -0.286248006118387 0.146 0.175 1 RRAGC
ARAP2 0.00198468588211299 -0.439835102265678 0.314 0.357 1 ARAP2
RBM8A 0.00199476211053923 -0.255535523527802 0.424 0.432 1 RBM8A
SMAD3 0.00205549591592183 -0.421805592128028 0.158 0.192 1 SMAD3
DCTPP1 0.00207234655541154 0.280090796915513 0.113 0.091 1 DCTPP1
RNF4 0.00210430929086151 -0.362947961573438 0.23 0.266 1 RNF4
PIKFYVE 0.0021594325732435 -0.295264761519798 0.247 0.283 1 PIKFYVE
MAPK3 0.00216813300217539 0.440162301610442 0.117 0.088 1 MAPK3
NUMA1 0.00219297138736922 0.287234925047939 0.254 0.209 1 NUMA1
PTPN12 0.00222246453753583 -0.253550441974254 0.167 0.193 1 PTPN12
PHB 0.00222583609948959 0.376000663235305 0.192 0.155 1 PHB
COPZ1 0.00223071690339924 0.357617281182862 0.182 0.143 1 COPZ1
RNF38 0.00223267460617209 -0.481298648950655 0.3 0.342 1 RNF38
MTMR14 0.0022566599288926 -0.305452562991368 0.187 0.228 1 MTMR14
ADA2 0.00242393888369561 0.288161205824757 0.133 0.104 1 ADA2
RFXANK 0.00242907467149555 0.388777925334665 0.145 0.11 1 RFXANK
SLC20A1 0.00243107980115662 -0.338504498258664 0.124 0.149 1 SLC20A1
ADPGK 0.00248218390142127 -0.532828708998821 0.222 0.278 1 ADPGK
LSM7 0.00250749910734339 -0.252805002157128 0.522 0.527 1 LSM7
ZNF626 0.00274999230811116 0.324005545338198 0.118 0.083 1 ZNF626
AGPAT5 0.00278374329998277 -0.549034540522918 0.103 0.129 1 AGPAT5
CLCN7 0.00278451851020793 -0.273378270804903 0.092 0.109 1 CLCN7
TCAF2 0.00280007730183496 -0.568952951189948 0.085 0.105 1 TCAF2
LAMTOR2 0.00290565347270758 0.407266795609946 0.146 0.116 1 LAMTOR2
ZBTB24 0.00296181728415982 -0.270963245992966 0.149 0.177 1 ZBTB24
TMEM161B 0.00296545423288132 -0.384571817479239 0.11 0.125 1 TMEM161B
ZNF852 0.00314061559277135 -0.323831316804866 0.083 0.107 1 ZNF852
CA5B 0.00330860016606865 -0.276037802763578 0.115 0.136 1 CA5B
DDX24 0.00336617597004633 -0.292380586762397 0.562 0.58 1 DDX24
PPP1R16B 0.00342800140666484 -0.466769485848906 0.314 0.356 1 PPP1R16B
ZNF350 0.00348771620749011 -0.418948875696379 0.108 0.135 1 ZNF350
FAR1 0.00353503839753143 -0.40816592446267 0.166 0.186 1 FAR1
PAK2 0.00354641117680801 -0.274656646572289 0.467 0.488 1 PAK2
TADA2B 0.00381059218363037 -0.306058736610585 0.123 0.139 1 TADA2B
SMC6 0.00388805885331259 -0.330281255062188 0.266 0.295 1 SMC6
MAP4K4 0.00400467579065615 -0.319000540792833 0.395 0.438 1 MAP4K4
TLNRD1 0.00403398677301211 -0.548999229635416 0.105 0.141 1 TLNRD1
PSMG2 0.00404670960285952 -0.315319339905867 0.226 0.257 1 PSMG2
TAGLN2 0.00405094012334225 -0.265975514307217 0.636 0.616 1 TAGLN2
KLF8 0.00410548128422757 0.421814673488711 0.109 0.087 1 KLF8
STOML2 0.00419438021479046 0.388995779510463 0.2 0.153 1 STOML2
SNX19 0.00436256760043335 -0.270085423855316 0.138 0.145 1 SNX19
TENT2 0.00436469563779136 -0.321408265014445 0.345 0.376 1 TENT2
PIGB 0.00439670295272002 -0.305744403238245 0.115 0.134 1 PIGB
ZRSR2 0.00441638352081778 -0.290866331745367 0.152 0.176 1 ZRSR2
DENND4A 0.00447465816200307 -0.40476905291002 0.376 0.417 1 DENND4A
RASGEF1B 0.00449896515626167 -0.341033367114092 0.255 0.294 1 RASGEF1B
PRKX 0.00451308287849455 -0.45310817376611 0.123 0.154 1 PRKX
TIMM23 0.00457757881991801 -0.351701399982068 0.149 0.176 1 TIMM23
SLC25A11 0.00458695551433011 0.435688905774448 0.104 0.072 1 SLC25A11
NCOA7 0.00464338285979149 0.285152586774454 0.235 0.208 1 NCOA7
LRIF1 0.00473098478326553 0.33949908352829 0.112 0.075 1 LRIF1
RPS6KB2 0.00489321409641737 0.300704054171936 0.195 0.151 1 RPS6KB2
MVP 0.00491173441829981 0.316046847296039 0.144 0.103 1 MVP
PML 0.00492445236702439 -0.265622672905693 0.13 0.15 1 PML
DDHD1 0.00524278597398699 -0.289398062467241 0.222 0.25 1 DDHD1
GANAB 0.00526055363467392 0.290299543695712 0.134 0.101 1 GANAB
EDEM2 0.00535025158680215 0.341682717593365 0.134 0.107 1 EDEM2
PIM3 0.00535087475838074 -0.338604680829749 0.358 0.383 1 PIM3
PIP5K1B 0.00538030652245935 -0.438224408066921 0.164 0.201 1 PIP5K1B
S100A4 0.00542407947464409 -0.30072666906883 0.396 0.432 1 S100A4
TPD52L2 0.00543202937047182 0.294806079523473 0.128 0.098 1 TPD52L2
CNR2 0.00557312705271736 0.262722251733648 0.267 0.219 1 CNR2
RABGAP1 0.0057285002762148 -0.374603219164922 0.239 0.264 1 RABGAP1
CENPT 0.00577353537028674 0.293454004328364 0.122 0.1 1 CENPT
OAS1 0.00579475587567654 0.383866070855323 0.131 0.105 1 OAS1
DDX21 0.00585241848431842 -0.368800333056833 0.437 0.47 1 DDX21
SELENOO 0.00588091637576199 -0.398809339659445 0.175 0.206 1 SELENOO
IRF9 0.00589109055423199 -0.255667730646861 0.328 0.367 1 IRF9
TLCD4 0.00605952127242605 -0.394495583877146 0.071 0.101 1 TLCD4
AC009313.1 0.00627563278901702 -0.387812497515871 0.135 0.15 1 AC009313.1
ZBTB20-AS5 0.0062960743740481 -0.432700201446401 0.128 0.155 1 ZBTB20-AS5
HOTAIRM1 0.00630445488149146 0.299251934039829 0.147 0.115 1 HOTAIRM1
SP140L 0.0063741917866927 -0.385123578488497 0.307 0.347 1 SP140L
MMD 0.00644818742429096 -0.40803279867425 0.103 0.127 1 MMD
SNHG17 0.00649282909675363 -0.279304111433874 0.142 0.164 1 SNHG17
AC246787.2 0.00655551671475667 0.433517814870059 0.184 0.137 1 AC246787.2
LMBR1 0.00664509250903794 -0.282774365467387 0.209 0.227 1 LMBR1
RARS2 0.00666634040134946 -0.257784187785691 0.165 0.183 1 RARS2
FBXL15 0.00691896565877444 0.310004375992252 0.116 0.086 1 FBXL15
HOOK3 0.00695168325719765 -0.367767598917592 0.271 0.304 1 HOOK3
KRI1 0.00703542847995741 0.275903180450107 0.137 0.099 1 KRI1
MAPK8 0.00708449542607198 -0.313831128654071 0.271 0.3 1 MAPK8
SPPL2A 0.0072238519785854 -0.344738204593484 0.208 0.241 1 SPPL2A
PDE4D 0.00735680557660554 -0.448088033022677 0.132 0.169 1 PDE4D
VTA1 0.00748958545928268 -0.285507657148375 0.142 0.163 1 VTA1
RASSF3 0.00750195035023354 -0.350682990275915 0.213 0.238 1 RASSF3
IDS 0.0075885791497747 -0.272654989089318 0.458 0.478 1 IDS
RASSF7 0.00796795468095701 0.411088026308689 0.117 0.086 1 RASSF7
PTPN7 0.00798833973769454 -0.273007528271986 0.172 0.194 1 PTPN7
ZBTB48 0.008145633724762 0.36048321528884 0.1 0.07 1 ZBTB48
UTRN 0.00828410892109771 -0.291795667952585 0.485 0.524 1 UTRN
MRPL45 0.00835555306552103 0.277455381773862 0.112 0.086 1 MRPL45
N4BP3 0.0084579602613494 -0.267484688574495 0.129 0.153 1 N4BP3
CDK16 0.00865951653545821 -0.363900891307906 0.086 0.102 1 CDK16
HTATIP2 0.00874322027988398 0.410675001559463 0.1 0.077 1 HTATIP2
GGNBP2 0.00880514148728963 -0.307020813279551 0.411 0.437 1 GGNBP2
PNPT1 0.00917633446733541 -0.309259202102974 0.093 0.118 1 PNPT1
HTT 0.00929272685472737 -0.329625351701865 0.17 0.203 1 HTT
FHIT 0.00931107405112513 -0.490520779435459 0.111 0.125 1 FHIT
TOPBP1 0.00959787797758238 -0.285166918856969 0.143 0.158 1 TOPBP1
CIITA 0.00976287521279858 -0.283270286659289 0.226 0.257 1 CIITA
TPP1 0.00981733377873108 0.328336919249953 0.165 0.125 1 TPP1
GMFB 0.010048360465698 -0.317357861939433 0.157 0.187 1 GMFB
ABHD15 0.0102417290574875 -0.377455687562883 0.084 0.11 1 ABHD15
BAIAP2L1 0.0102807375719398 0.304026875263981 0.12 0.086 1 BAIAP2L1
ACYP1 0.0104533062502922 0.262531489037472 0.105 0.084 1 ACYP1
TTC1 0.0106088137645641 0.272334129552761 0.212 0.178 1 TTC1
ADSS 0.010668106763413 -0.296959619128113 0.141 0.162 1 ADSS
LINC00996 0.0106978285421234 0.30574757802357 0.136 0.111 1 LINC00996
HIST1H1D 0.0107938686732201 -0.371963587370043 0.196 0.216 1 HIST1H1D
BORCS5 0.0108559808875898 -0.444479736992672 0.115 0.141 1 BORCS5
VIM 0.0111940698416537 -0.303762210440426 0.669 0.658 1 VIM
CMTM7 0.0112614998593241 -0.314823303612543 0.324 0.354 1 CMTM7
TTC7A 0.011631410519014 -0.35689677706192 0.231 0.272 1 TTC7A
OSGIN2 0.0117700697710603 -0.297722033383115 0.072 0.1 1 OSGIN2
SLC35F1 0.0117981533003877 0.259929497834959 0.105 0.077 1 SLC35F1
HDAC4 0.0121118747180174 0.328389509722952 0.109 0.076 1 HDAC4
RC3H1 0.0123780765830287 -0.361237233192369 0.29 0.313 1 RC3H1
PPP1R11 0.0125337807512114 0.320623598172229 0.182 0.152 1 PPP1R11
C11orf98 0.012774972083632 0.281471849702108 0.125 0.096 1 C11orf98
SP2 0.0133152153864172 -0.385671613273818 0.117 0.134 1 SP2
GNAI3 0.0134196030168763 -0.436080598742003 0.178 0.22 1 GNAI3
QKI 0.0138986908562809 -0.361030241601503 0.276 0.314 1 QKI
HUS1 0.0143675701236721 -0.327581007523819 0.121 0.138 1 HUS1
UBE2A 0.0144724862245291 -0.384068316412952 0.155 0.187 1 UBE2A
AK3 0.0145756366113636 0.359900942027642 0.127 0.093 1 AK3
HMGB2 0.0148406543257713 -0.325439029802054 0.332 0.369 1 HMGB2
G3BP2 0.0148696515086472 -0.271234993238225 0.448 0.467 1 G3BP2
OXLD1 0.0149806754204793 0.341254092469758 0.138 0.108 1 OXLD1
DMTF1 0.0150844725241236 -0.287913240504589 0.23 0.242 1 DMTF1
MSRA 0.0153442813211231 -0.317667821485154 0.112 0.137 1 MSRA
SMURF2 0.0155229066010748 -0.278122790826118 0.176 0.194 1 SMURF2
TMEM163 0.015668153938705 -0.730577401174744 0.098 0.111 1 TMEM163
CDC26 0.0157232797051373 0.381975369985818 0.126 0.089 1 CDC26
NGLY1 0.016130883249417 -0.363672803718111 0.344 0.384 1 NGLY1
ZNF518B 0.0164045480410532 -0.387357519850716 0.1 0.118 1 ZNF518B
CCNT2 0.0167997920201057 -0.353062474334575 0.239 0.262 1 CCNT2
TMEM87A 0.0170731975265424 -0.256819358991682 0.313 0.331 1 TMEM87A
CPT1A 0.0172988961021122 -0.407980941770479 0.108 0.133 1 CPT1A
GALNT7 0.0177273106555226 -0.341318182763766 0.128 0.13 1 GALNT7
TAF4B 0.0177864490673488 -0.287217210032762 0.118 0.108 1 TAF4B
VEZT 0.0177884390012359 -0.306728322823273 0.162 0.174 1 VEZT
MARCH3 0.0180417371810332 -0.308968481920413 0.336 0.349 1 MARCH3
TRPC4AP 0.0181317686065187 -0.258074705450725 0.239 0.255 1 TRPC4AP
GALNT1 0.0187628192188601 -0.273133622421792 0.16 0.177 1 GALNT1
RFTN1 0.0190050177924277 -0.413095698223906 0.242 0.268 1 RFTN1
WBP4 0.0191859086920868 -0.267386836905589 0.094 0.11 1 WBP4
PLIN3 0.0193467186632233 0.480413527259491 0.134 0.103 1 PLIN3
DNAJB1 0.019530544068779 -0.404993376871173 0.149 0.163 1 DNAJB1
SMNDC1 0.0195881652735166 -0.330051588036522 0.231 0.251 1 SMNDC1
C19orf25 0.0196245912470455 0.312845225826326 0.152 0.118 1 C19orf25
LEPROTL1 0.0199939561660788 -0.507032091009991 0.153 0.174 1 LEPROTL1
AL035530.2 0.0202346645795902 -0.284188899175958 0.1 0.124 1 AL035530.2
STAM 0.0202421514566901 -0.401710619702085 0.167 0.199 1 STAM
CUL4A 0.0204639549027301 -0.281678983229038 0.226 0.232 1 CUL4A
ANKLE2 0.0204985795917711 -0.330330891397542 0.211 0.241 1 ANKLE2
EIF2AK2 0.020739498760266 -0.335799608852688 0.219 0.25 1 EIF2AK2
MED8 0.0207673909045357 0.271124084805527 0.101 0.082 1 MED8
TSTD2 0.0211687327864366 -0.440583243632178 0.106 0.127 1 TSTD2
RETREG2 0.0214941413416935 0.354858687773972 0.161 0.131 1 RETREG2
ADGRE5 0.0216431430314914 -0.291879567626011 0.241 0.257 1 ADGRE5
IL27RA 0.0220301723786993 0.253532521731436 0.1 0.08 1 IL27RA
EXOC1 0.0226640995192491 -0.356885441908706 0.12 0.124 1 EXOC1
IGHG1 0.0227185655825055 -0.532848988921419 0.292 0.264 1 IGHG1
ARRDC3 0.0230589298089417 -0.36028358954942 0.173 0.185 1 ARRDC3
KPNA4 0.0232578565077874 -0.315004389446653 0.279 0.297 1 KPNA4
DBF4 0.0236045384735708 -0.423625877711429 0.211 0.246 1 DBF4
APPL1 0.023907418500114 -0.303409659894636 0.232 0.258 1 APPL1
C9orf72 0.0243422366102939 -0.307794252768395 0.17 0.195 1 C9orf72
TMEM131L 0.0245114023038834 -0.318870683538276 0.4 0.419 1 TMEM131L
CDK10 0.0247395965673319 0.403326165407256 0.126 0.101 1 CDK10
CEP135 0.0251422018864546 -0.433508210653662 0.094 0.106 1 CEP135
MYO1G 0.025185171460787 -0.444154433711996 0.103 0.116 1 MYO1G
TDG 0.0254787036730422 -0.399309326865628 0.136 0.151 1 TDG
VSIR 0.0256353131855364 0.370146786227943 0.146 0.118 1 VSIR
NAA50 0.0256930869288783 -0.319992145457128 0.185 0.207 1 NAA50
RPS6KA3 0.0264022639925605 -0.428876978380298 0.192 0.213 1 RPS6KA3
ARL8B 0.0272060209556671 -0.2784255683573 0.189 0.207 1 ARL8B
FAM20B 0.0274859249198603 -0.443133780652919 0.082 0.102 1 FAM20B
CYTH2 0.0283820361946019 0.31161650348246 0.106 0.08 1 CYTH2
HIST1H1C 0.0284218456215462 -0.316518693092137 0.275 0.295 1 HIST1H1C
MOAP1 0.0287192850354661 -0.30472486570993 0.128 0.145 1 MOAP1
RAP1A 0.0287883811882487 -0.254601659426795 0.349 0.357 1 RAP1A
NIPA2 0.0292250618560841 -0.353060807537851 0.217 0.256 1 NIPA2
TMBIM1 0.0292476197587071 -0.433825534841762 0.148 0.173 1 TMBIM1
MRPL38 0.0293029047808096 0.307448189327695 0.202 0.161 1 MRPL38
NCOA4 0.0293792450328658 -0.334835711423115 0.184 0.202 1 NCOA4
RAB8B 0.0297224961856808 -0.307092060305951 0.288 0.306 1 RAB8B
IER2 0.0298160136746588 -0.255117147068685 0.479 0.485 1 IER2
MTMR12 0.0306316553868487 -0.520429583004881 0.115 0.135 1 MTMR12
TRMO 0.0323072005605473 -0.333724401404578 0.188 0.213 1 TRMO
RBMS1 0.0323825986156425 -0.30664318679529 0.141 0.162 1 RBMS1
POM121C 0.0326981148639972 -0.363477076398578 0.162 0.186 1 POM121C
SUCLG1 0.0327077506118403 0.285318742579375 0.136 0.106 1 SUCLG1
ING5 0.032809377178718 -0.266915476641897 0.162 0.164 1 ING5
TENT4A 0.0333833528283392 -0.387180215622365 0.105 0.117 1 TENT4A
TSPOAP1-AS1 0.0335333014221682 -0.543586417183697 0.086 0.102 1 TSPOAP1-AS1
DNAJB2 0.0335706208310663 0.270908745229349 0.173 0.137 1 DNAJB2
MNDA 0.0337308243786459 -0.268685918644938 0.146 0.165 1 MNDA
MICAL3 0.0337583320550868 -0.292758965125176 0.244 0.28 1 MICAL3
DUSP10 0.0339602786843804 -0.26361410277821 0.17 0.199 1 DUSP10
NRAS 0.0358221126965742 -0.31129256932661 0.119 0.137 1 NRAS
PARP15 0.0359168780910822 -0.29210874902992 0.384 0.408 1 PARP15
MAP4K5 0.0360909091366955 -0.324273159407832 0.263 0.282 1 MAP4K5
IGSF8 0.0362498704440788 0.262985868538257 0.109 0.081 1 IGSF8
TPGS1 0.0362743750741331 0.358987224083614 0.12 0.089 1 TPGS1
TMEM167B 0.0369486015473352 -0.332998877812733 0.141 0.152 1 TMEM167B
DNAJC1 0.0370239210856796 -0.422657986456413 0.122 0.129 1 DNAJC1
FAM160B1 0.0376759640514902 -0.285256702046158 0.098 0.126 1 FAM160B1
PSEN1 0.0384397384085508 -0.403766354368793 0.168 0.189 1 PSEN1
SESTD1 0.0397626771976707 -0.255609217993919 0.117 0.126 1 SESTD1
CCDC144NL-AS1 0.0400177895891231 0.314688733997059 0.119 0.099 1 CCDC144NL-AS1
MRPL20 0.0407897445962398 0.260239662359547 0.242 0.203 1 MRPL20
CNOT8 0.041460141348314 -0.367099497160202 0.185 0.198 1 CNOT8
LY9 0.0418525379469391 -0.381788109055921 0.237 0.27 1 LY9
LINC01215 0.0433217667920976 -0.342623916856399 0.112 0.136 1 LINC01215
SMARCD1 0.0442095087051022 -0.287254573224042 0.199 0.214 1 SMARCD1
USP9X 0.0444878168443064 -0.303562138376804 0.286 0.309 1 USP9X
NFE2L2 0.0446592331602545 -0.309701119935446 0.236 0.247 1 NFE2L2
NMD3 0.0456333366036062 -0.365721408629782 0.107 0.118 1 NMD3
UHRF2 0.0460691353310248 -0.370284973570246 0.209 0.226 1 UHRF2
BAD 0.0463269419711394 0.330147380123382 0.127 0.107 1 BAD
TYK2 0.0464410459447716 0.406175410988693 0.123 0.091 1 TYK2
CYB5R1 0.0471914658517907 0.375035892904829 0.112 0.086 1 CYB5R1
BACH2 0.0481377550294306 -0.298722257336947 0.619 0.621 1 BACH2
POLR2B 0.0489037697337569 -0.293764209543773 0.224 0.228 1 POLR2B
MAPK1 0.0497060036581776 -0.405527647521261 0.224 0.254 1 MAPK1
CXCR5 0.0499457467654699 0.250657456607044 0.363 0.329 1 CXCR5
SDCBP 0.0502139129787766 -0.356959643551843 0.189 0.228 1 SDCBP
TSC22D2 0.0502237694867498 -0.403442817860953 0.157 0.18 1 TSC22D2
ZNRF2 0.0506950266384306 -0.297910608127758 0.232 0.254 1 ZNRF2
UBA6 0.0508387834061205 -0.278060782982419 0.269 0.301 1 UBA6
CAST 0.0518977270909156 -0.296858912479214 0.407 0.422 1 CAST
UGCG 0.0531829598677087 -0.262548545503892 0.321 0.354 1 UGCG
VAMP7 0.0531863054732171 -0.419447022568819 0.089 0.108 1 VAMP7
AP1S2 0.0533595121023522 -0.308076768860818 0.104 0.124 1 AP1S2
MAZ 0.0543157219195524 -0.262886483236293 0.184 0.191 1 MAZ
ZNF622 0.0543710615681479 -0.250084758153167 0.119 0.13 1 ZNF622
GNG2 0.0545208563577511 -0.282783813397862 0.321 0.344 1 GNG2
ZCCHC10 0.0546764341628484 -0.382103685180465 0.18 0.204 1 ZCCHC10
CCDC6 0.054930852504033 -0.26005628262581 0.193 0.222 1 CCDC6
MGAT5 0.0552411498572744 -0.305689806799545 0.494 0.516 1 MGAT5
CSPP1 0.0559404121658938 0.265629067613334 0.112 0.086 1 CSPP1
EXOSC1 0.0561318279977993 0.311799847725163 0.116 0.086 1 EXOSC1
IRF2BP2 0.0573633570108987 -0.333673204591967 0.203 0.234 1 IRF2BP2
MANBA 0.0578194937356403 -0.346661638779806 0.303 0.339 1 MANBA
PRPF18 0.0586657444565209 -0.277688280340004 0.138 0.146 1 PRPF18
TBPL1 0.0592295782315198 -0.425614117196138 0.111 0.132 1 TBPL1
TRAK1 0.0592312382343206 -0.319354461606324 0.328 0.356 1 TRAK1
DTNBP1 0.0592788969719755 -0.331897957376606 0.209 0.226 1 DTNBP1
TNPO3 0.0596156292125296 -0.280303407676015 0.19 0.21 1 TNPO3
USP14 0.0605899964105782 -0.254390005839085 0.182 0.188 1 USP14
C1D 0.0608532296586623 -0.255559208450969 0.185 0.214 1 C1D
DMAC1 0.0609587518313479 0.359132562436137 0.127 0.099 1 DMAC1
AHCYL1 0.0614183564574561 0.25453559481764 0.106 0.082 1 AHCYL1
ZNF827 0.0614408677548558 -0.469820614540377 0.131 0.164 1 ZNF827
TMEM131 0.0615954695436073 -0.265469029593256 0.404 0.429 1 TMEM131
TUBA1A 0.0623151773327179 -0.328061671573718 0.425 0.455 1 TUBA1A
TSTA3 0.0637928255167178 0.326018548323387 0.13 0.112 1 TSTA3
YTHDF3 0.0641177839575504 -0.259111838837699 0.185 0.199 1 YTHDF3
MTMR1 0.0641927568764484 -0.398141857389689 0.247 0.275 1 MTMR1
ANKH 0.0642818836115465 -0.253302948058951 0.106 0.1 1 ANKH
KDM6A 0.0651071321477194 -0.382867786405012 0.333 0.354 1 KDM6A
G2E3 0.0655099199346188 -0.483645871674462 0.183 0.21 1 G2E3
GDPD5 0.0664412218015406 -0.284869348619654 0.105 0.117 1 GDPD5
HBS1L 0.0667046107289982 -0.258778944691504 0.155 0.168 1 HBS1L
RHEB 0.0672208969909224 -0.311962257862622 0.183 0.212 1 RHEB
PSMD14 0.0672243412284795 -0.357434605070992 0.18 0.195 1 PSMD14
TAB2 0.0680478970200097 -0.418134994863571 0.189 0.225 1 TAB2
CRCP 0.0685798288969083 -0.251403873908895 0.169 0.182 1 CRCP
ZNF318 0.0695790645362252 -0.412969494823919 0.134 0.148 1 ZNF318
BCOR 0.0698809393824361 -0.342302863759703 0.137 0.154 1 BCOR
NCBP1 0.0711648069393438 -0.273158715157636 0.12 0.128 1 NCBP1
DEF8 0.0727335133513467 -0.270262898730494 0.105 0.121 1 DEF8
STK3 0.0728507204138101 -0.406251552292585 0.108 0.142 1 STK3
RB1CC1 0.0730395315525191 -0.285213538035679 0.32 0.333 1 RB1CC1
SLC39A11 0.0737928724043674 -0.254510967993479 0.118 0.107 1 SLC39A11
RAB11A 0.0738191022875017 -0.347124757896653 0.322 0.335 1 RAB11A
BTG3 0.0747945185340792 -0.305486385946847 0.194 0.223 1 BTG3
SCAF8 0.0762147229389818 -0.369005080773085 0.237 0.277 1 SCAF8
TUBB6 0.0764135708492815 -0.330764154942317 0.136 0.161 1 TUBB6
DLST 0.0789484346405327 -0.360578610935236 0.176 0.203 1 DLST
DOCK11 0.0791066347474252 -0.313979714567301 0.181 0.191 1 DOCK11
NRBF2 0.0798008961124816 -0.591846998160094 0.093 0.114 1 NRBF2
MAPKAPK2 0.0804830964371462 -0.454620084292276 0.162 0.189 1 MAPKAPK2
IRAK4 0.0806658987059865 -0.357416186499394 0.139 0.144 1 IRAK4
TCP11L2 0.0807381031655914 -0.305088937171635 0.308 0.326 1 TCP11L2
SOD2 0.0812923793661184 -0.276645902225603 0.3 0.325 1 SOD2
THUMPD2 0.0813015506402635 -0.357691183335112 0.149 0.17 1 THUMPD2
C1orf52 0.0826317036523704 -0.26906904816637 0.184 0.187 1 C1orf52
PDLIM1 0.0842990805818635 -0.302370163178287 0.315 0.344 1 PDLIM1
SLC30A9 0.0843095962417893 -0.27060145052656 0.192 0.209 1 SLC30A9
SLC35C2 0.085224210596906 -0.260448350823554 0.135 0.123 1 SLC35C2
FBXO34 0.0855439105514168 -0.260119293050117 0.148 0.161 1 FBXO34
MAPK9 0.0883647250184448 -0.284750921686683 0.1 0.109 1 MAPK9
CSGALNACT2 0.0888752914705041 -0.320245014674561 0.142 0.157 1 CSGALNACT2
HMG20A 0.088969051220546 0.250474100094196 0.111 0.093 1 HMG20A
RASGRP1 0.0912177648024623 -0.355906459915081 0.203 0.222 1 RASGRP1
KLF3 0.0914380495964891 -0.376058304741782 0.225 0.245 1 KLF3
ARID2 0.0920554931831632 -0.287503925703731 0.256 0.249 1 ARID2
ZBTB44 0.0924858697850327 -0.267178991082751 0.238 0.26 1 ZBTB44
KRIT1 0.0925769722327398 -0.268660549733432 0.147 0.146 1 KRIT1
DSE 0.0931294947694211 -0.356153127270338 0.165 0.202 1 DSE
SFT2D2 0.0932543428730632 -0.471213742105787 0.134 0.168 1 SFT2D2
LINC01138 0.0944730869477923 -0.303069705773989 0.156 0.169 1 LINC01138
TTF1 0.0973393056374712 -0.35491816545664 0.123 0.14 1 TTF1
DNM1L 0.0975294145104367 -0.271736531386242 0.171 0.181 1 DNM1L
ZNF326 0.0975431359680902 -0.30728075161652 0.241 0.267 1 ZNF326
C12orf75 0.0988380167487146 -0.348213758427599 0.096 0.118 1 C12orf75
AP000787.1 0.100472619517476 -0.429340001763114 0.119 0.129 1 AP000787.1
TMEM62 0.101247621233147 -0.254577430777049 0.227 0.251 1 TMEM62
DAPP1 0.101874851363812 -0.349656724262471 0.23 0.263 1 DAPP1
HMGCS1 0.101957287372095 -0.461072151009763 0.111 0.129 1 HMGCS1
KLF10 0.102136517801898 -0.311005356713653 0.146 0.165 1 KLF10
MBIP 0.102823074654117 -0.37133639869385 0.099 0.116 1 MBIP
CYB5R4 0.103463487783794 -0.287376027244292 0.211 0.232 1 CYB5R4
ATL2 0.104265700413998 -0.3564675586572 0.132 0.144 1 ATL2
E2F4 0.104857672926355 0.253261284198531 0.163 0.141 1 E2F4
TIMM17A 0.105080404723175 -0.308107302639441 0.167 0.174 1 TIMM17A
TOMM5 0.105339200308067 -0.31143961866588 0.333 0.362 1 TOMM5
KMO 0.109392207643522 -0.371598249952338 0.116 0.137 1 KMO
ZNF160 0.112838471199951 -0.37782925022812 0.159 0.161 1 ZNF160
GPATCH2L 0.113238159126034 -0.267125873437175 0.115 0.116 1 GPATCH2L
SOX5 0.11325810958427 -0.315519669105059 0.5 0.506 1 SOX5
RANBP9 0.11603020214718 -0.415494737612416 0.148 0.164 1 RANBP9
JMJD6 0.118403650878403 -0.308908133948146 0.093 0.109 1 JMJD6
VRK1 0.118565708543188 -0.282931355491018 0.093 0.102 1 VRK1
MCOLN2 0.118637281103224 -0.363660069601373 0.1 0.119 1 MCOLN2
CTBS 0.121176428304611 0.273255559900415 0.136 0.116 1 CTBS
CCDC174 0.121325554316991 -0.376213524713675 0.155 0.177 1 CCDC174
RNF149 0.123072458092032 -0.255413024347081 0.256 0.264 1 RNF149
AKAP11 0.124299025940488 -0.250982492156059 0.206 0.228 1 AKAP11
EMILIN2 0.124900743346383 -0.26582284096961 0.164 0.181 1 EMILIN2
FAM30A 0.125427475293513 -0.674269258959619 0.131 0.146 1 FAM30A
SAMD9 0.125888744733156 -0.316630354141885 0.108 0.122 1 SAMD9
ZNF410 0.126318476065987 -0.376362869268148 0.175 0.202 1 ZNF410
OOEP 0.126993108504412 0.325602629693582 0.139 0.11 1 OOEP
SLC49A4 0.127445209954301 -0.388839495961539 0.158 0.183 1 SLC49A4
STRN3 0.127676424735062 -0.271023146825848 0.171 0.164 1 STRN3
ZNF736 0.129587355952528 -0.288117757555514 0.192 0.225 1 ZNF736
ECE1 0.129840716124085 -0.295133134255662 0.243 0.262 1 ECE1
COX11 0.13243769727802 0.309882268703086 0.107 0.083 1 COX11
TENT4B 0.132692950655481 -0.330649499570789 0.101 0.109 1 TENT4B
IRF2BPL 0.133047757176062 -0.259790028909833 0.086 0.102 1 IRF2BPL
CSNK1G3 0.133178487141483 -0.334844863598525 0.173 0.183 1 CSNK1G3
UBE2D1 0.13416155096343 -0.282498172167255 0.109 0.102 1 UBE2D1
SPOCK2 0.134336084128128 -0.276395914860337 0.369 0.385 1 SPOCK2
DNAJB14 0.135221806452657 -0.363186850097749 0.283 0.308 1 DNAJB14
SPAG7 0.141147722671782 -0.282662757595407 0.183 0.193 1 SPAG7
MCM9 0.143082802026731 -0.324543694739009 0.16 0.165 1 MCM9
COPS3 0.143110661477339 -0.26336592634048 0.168 0.178 1 COPS3
EIF1AD 0.144935639529883 -0.276958003923861 0.124 0.137 1 EIF1AD
MSL2 0.147565999648285 -0.269089930108831 0.156 0.168 1 MSL2
SYAP1 0.149922416471513 -0.254967036973475 0.27 0.29 1 SYAP1
TBL1X 0.152629630427486 -0.374618234792714 0.152 0.166 1 TBL1X
DDX47 0.1569249311742 -0.318715573675596 0.11 0.129 1 DDX47
ABR 0.157391979219151 -0.438221432324351 0.154 0.177 1 ABR
IFT88 0.157526094681482 -0.297002136711733 0.1 0.105 1 IFT88
AEBP1 0.157766130635338 -0.376260032864424 0.127 0.136 1 AEBP1
ELL 0.158869302520198 -0.315535501059927 0.118 0.135 1 ELL
YAF2 0.159685373245633 -0.254456678126711 0.198 0.211 1 YAF2
AC068282.1 0.1602916959257 -0.30184373217231 0.136 0.147 1 AC068282.1
VMP1 0.162077448931666 -0.277665640291108 0.263 0.266 1 VMP1
AC079793.1 0.162472254438261 -0.393045254267539 0.283 0.269 1 AC079793.1
C17orf49 0.167653047169527 -0.313886432329199 0.219 0.24 1 C17orf49
AC004687.1 0.170367125884172 -0.316080759374957 0.192 0.219 1 AC004687.1
EXOSC9 0.172584510901247 -0.30191535279304 0.134 0.139 1 EXOSC9
TMEM123 0.172829406700412 -0.471207096577931 0.314 0.336 1 TMEM123
TXLNG 0.173692961359358 -0.258251437812208 0.172 0.183 1 TXLNG
FOXJ3 0.175105247185541 -0.331540385207789 0.225 0.239 1 FOXJ3
WDR43 0.175367699032972 -0.294121206846389 0.253 0.276 1 WDR43
RNF6 0.176747223387912 -0.29593349858105 0.118 0.134 1 RNF6
VIRMA 0.180817763631683 -0.396403667936311 0.169 0.19 1 VIRMA
ATP1A1 0.184876805625941 -0.287361876183605 0.226 0.244 1 ATP1A1
CTSA 0.186085407138973 0.348947385091622 0.114 0.094 1 CTSA
SNRNP27 0.187655328068667 -0.282040335283315 0.14 0.159 1 SNRNP27
VPS39 0.187700548491057 -0.251261858312522 0.131 0.126 1 VPS39
AC118549.1 0.188297552046509 -0.273324480813402 0.179 0.173 1 AC118549.1
SLC25A24 0.191134765779865 -0.253231515394111 0.096 0.115 1 SLC25A24
ETF1 0.192350949581738 -0.277001210071458 0.23 0.251 1 ETF1
HAUS2 0.1926151152562 -0.276329989292549 0.126 0.125 1 HAUS2
AOPEP 0.19537713265309 -0.351410447723006 0.114 0.11 1 AOPEP
DNAJC30 0.197344411156819 0.280411922840019 0.1 0.079 1 DNAJC30
B4GALT4 0.197711633375087 -0.268737842543413 0.103 0.099 1 B4GALT4
AP001011.1 0.202242096185182 -0.4094778373638 0.336 0.352 1 AP001011.1
SIRT1 0.20311788290272 -0.294326060190048 0.122 0.134 1 SIRT1
SENP5 0.204590749479921 -0.26593202331821 0.285 0.301 1 SENP5
DEGS1 0.205546876459107 -0.277102717197917 0.122 0.14 1 DEGS1
ZEB1 0.207504661187985 -0.252505387755966 0.431 0.412 1 ZEB1
PLSCR1 0.208610226855855 0.323131237359252 0.115 0.097 1 PLSCR1
ATP6V0D1 0.212379027923275 -0.277095703238234 0.23 0.232 1 ATP6V0D1
RBL2 0.213055708968526 -0.277956437627662 0.259 0.277 1 RBL2
OXCT1 0.216676616892545 -0.268396017988161 0.155 0.177 1 OXCT1
ZNF487 0.227915036133351 -0.300868494027688 0.103 0.111 1 ZNF487
WDR48 0.23015319255064 -0.250830738048236 0.178 0.186 1 WDR48
GINM1 0.233360590664232 -0.339898604066957 0.213 0.244 1 GINM1
PPM1A 0.238664580883999 -0.254596960008884 0.147 0.155 1 PPM1A
CHIC2 0.238756275105412 -0.372435469966085 0.248 0.281 1 CHIC2
NGDN 0.241054664275428 -0.264204795235473 0.263 0.279 1 NGDN
CD1D 0.241371113163601 -0.43195007533575 0.088 0.1 1 CD1D
MEX3C 0.242691986287603 -0.306681661401124 0.19 0.211 1 MEX3C
SUSD6 0.244668758907814 -0.31428585036644 0.19 0.21 1 SUSD6
MGAT4A 0.245287598851803 -0.498299668721567 0.088 0.103 1 MGAT4A
GPBP1L1 0.24913106971696 -0.262567805950843 0.21 0.207 1 GPBP1L1
SUPV3L1 0.252056259833364 -0.297612511708451 0.202 0.21 1 SUPV3L1
PIK3CG 0.253521191538726 -0.409222925924424 0.116 0.128 1 PIK3CG
HNRNPH3 0.254063587386292 -0.252181352186631 0.466 0.477 1 HNRNPH3
USP47 0.255176270104051 -0.36771999518095 0.326 0.351 1 USP47
TMF1 0.25633900827908 -0.303979111724314 0.324 0.341 1 TMF1
SNX25 0.256673609024092 -0.363305928795884 0.363 0.385 1 SNX25
LTBP3 0.257639511640865 0.363150198535798 0.114 0.092 1 LTBP3
IL7 0.259517607540518 -0.327931201420201 0.137 0.149 1 IL7
GATAD2B 0.260830781388583 -0.254580670088111 0.221 0.226 1 GATAD2B
PGGHG 0.261273885059674 0.252971276983766 0.157 0.134 1 PGGHG
PSMD5 0.268603218552995 -0.37678522786779 0.105 0.111 1 PSMD5
PHF10 0.270492804039767 -0.457263097802711 0.115 0.14 1 PHF10
N4BP1 0.270695278906947 -0.295786406844768 0.166 0.181 1 N4BP1
HEIH 0.272164906676604 0.253981768133285 0.121 0.103 1 HEIH
BUD31 0.276112830318908 -0.260047544144428 0.27 0.29 1 BUD31
CPED1 0.283260022706317 -0.30176035622535 0.149 0.164 1 CPED1
LSG1 0.286268329681387 -0.328582941338452 0.123 0.137 1 LSG1
ITGB2 0.28860311787109 -0.261600303913292 0.198 0.221 1 ITGB2
NAAA 0.291615031094866 -0.320166375675138 0.149 0.161 1 NAAA
CACUL1 0.292271645146519 -0.357387090932665 0.132 0.148 1 CACUL1
CRY2 0.292924559680922 -0.26819586888328 0.109 0.118 1 CRY2
LNPEP 0.298719715958772 -0.281795310756609 0.236 0.248 1 LNPEP
TMEM140 0.298813430131811 -0.387106841333436 0.108 0.114 1 TMEM140
IKZF5 0.306026579258486 -0.259062655567123 0.172 0.187 1 IKZF5
CROCC 0.308402378461992 -0.279465601657866 0.169 0.162 1 CROCC
SAMD4B 0.308570565412116 -0.257644714268326 0.169 0.175 1 SAMD4B
RPL7L1 0.311015961456071 -0.256869463238052 0.142 0.146 1 RPL7L1
ZNF708 0.311076351005812 -0.252165573031718 0.19 0.182 1 ZNF708
ANKRD17 0.314793312199935 -0.253688377909832 0.298 0.297 1 ANKRD17
NEPRO 0.315089581784645 -0.25935523055301 0.131 0.141 1 NEPRO
GNA12 0.317894773747431 -0.272242317426368 0.28 0.285 1 GNA12
ZNF43 0.318315259603839 -0.287975889353511 0.126 0.129 1 ZNF43
PTRHD1 0.321160323545874 -0.293615077194562 0.194 0.212 1 PTRHD1
DNAJB12 0.323545039384854 -0.312274093309232 0.149 0.141 1 DNAJB12
USP24 0.324575124185168 -0.294961560825242 0.284 0.293 1 USP24
RBPJ 0.327194183604167 -0.341396641765345 0.224 0.235 1 RBPJ
PIP4K2A 0.329262900785988 -0.312256387628617 0.265 0.295 1 PIP4K2A
ARHGEF6 0.330985245307468 -0.251373889955488 0.129 0.137 1 ARHGEF6
NOC3L 0.332522586239357 -0.262815434233233 0.095 0.104 1 NOC3L
ID3 0.33336212788697 0.298992140552581 0.158 0.139 1 ID3
SAP130 0.338159179450204 -0.319228831990718 0.1 0.091 1 SAP130
RALGDS 0.338467588817225 -0.34099885852853 0.124 0.132 1 RALGDS
EXOSC6 0.338530125953905 -0.252077471931104 0.214 0.227 1 EXOSC6
SNIP1 0.345579847164945 -0.270805550122269 0.145 0.156 1 SNIP1
ABCA5 0.348918017776544 -0.277349206292768 0.111 0.11 1 ABCA5
SIAH2 0.352638051056104 -0.394249521440065 0.144 0.15 1 SIAH2
VPS54 0.353031257517917 -0.425910511761549 0.121 0.117 1 VPS54
RALGAPB 0.353336387684546 -0.250476832951048 0.143 0.143 1 RALGAPB
AKT2 0.354127855221451 -0.287129881420352 0.15 0.165 1 AKT2
STAT1 0.357242218573227 -0.257344890205607 0.165 0.173 1 STAT1
GDAP2 0.358541828699901 -0.334313189132096 0.108 0.122 1 GDAP2
GTF3C2 0.359237086075106 -0.316868496999388 0.11 0.109 1 GTF3C2
ME2 0.360526507719214 0.317267059832242 0.103 0.087 1 ME2
SEMA4D 0.362447897011859 -0.270065668549601 0.178 0.16 1 SEMA4D
COMMD9 0.363394440433209 -0.519026807596578 0.11 0.119 1 COMMD9
TNRC6C 0.364766529805322 -0.287688315370606 0.194 0.19 1 TNRC6C
SHLD2 0.371519443875211 -0.270503391992988 0.176 0.182 1 SHLD2
CDKL1 0.371638783580371 -0.367702100801561 0.101 0.104 1 CDKL1
DENND1B 0.372590705698146 -0.27277762259798 0.138 0.128 1 DENND1B
E2F5 0.375010231033224 -0.271846153852738 0.291 0.309 1 E2F5
EIF4E2 0.377167493557975 -0.259078662770236 0.184 0.2 1 EIF4E2
KIFAP3 0.377820283609925 -0.265470043587384 0.101 0.097 1 KIFAP3
MRPL22 0.37816098905333 -0.253983920762699 0.138 0.139 1 MRPL22
CDC73 0.379391218180915 -0.252983681767928 0.279 0.28 1 CDC73
CDK19 0.384210119960561 -0.26420195106963 0.113 0.107 1 CDK19
SETD5 0.384938013108466 -0.251838709461364 0.246 0.241 1 SETD5
TMEM248 0.38532627227131 -0.252692503567198 0.261 0.271 1 TMEM248
C19orf48 0.387616916992643 -0.257734095425958 0.107 0.11 1 C19orf48
KHNYN 0.39086236146653 -0.294697735636652 0.105 0.118 1 KHNYN
RCL1 0.391669357802203 -0.282962023822017 0.114 0.129 1 RCL1
NPAT 0.400359833942648 -0.280270756234797 0.131 0.14 1 NPAT
PACSIN2 0.400684133003573 -0.316342658623215 0.126 0.137 1 PACSIN2
NKAP 0.403371128798766 -0.292311669403503 0.161 0.161 1 NKAP
STX18 0.40342016170417 -0.280547994357783 0.115 0.12 1 STX18
PRKAG2 0.404233317040103 -0.316723511435145 0.117 0.118 1 PRKAG2
CAMK2D 0.406140104220511 -0.268624601386222 0.491 0.509 1 CAMK2D
CASP8 0.407221846800888 -0.346642877131386 0.296 0.315 1 CASP8
MYC 0.408844540557341 -0.35756574392818 0.196 0.207 1 MYC
PTCHD1-AS 0.411053944940932 -0.288479158006342 0.206 0.212 1 PTCHD1-AS
ZBTB10 0.411059240742353 -0.29173818939695 0.193 0.214 1 ZBTB10
EIF2AK3 0.414512643837229 -0.28752289263258 0.348 0.345 1 EIF2AK3
AC105052.4 0.414639460810572 -0.313984610088815 0.124 0.14 1 AC105052.4
ZFX 0.41793596680882 -0.267667445811837 0.209 0.232 1 ZFX
UTP3 0.418339379318329 -0.280114334275261 0.105 0.11 1 UTP3
LYPLA2 0.422228576891788 0.267189756847853 0.121 0.098 1 LYPLA2
NPIPB5 0.426748170147528 -0.31542889855813 0.13 0.135 1 NPIPB5
SLC9A9 0.427995861806332 -0.3317978330253 0.108 0.109 1 SLC9A9
INTS6L 0.431194524642163 -0.341308727836427 0.125 0.122 1 INTS6L
ABCC1 0.434189268105087 -0.374806231001329 0.143 0.141 1 ABCC1
YARS 0.435003512759961 -0.288002514706502 0.148 0.153 1 YARS
NAF1 0.437070556487674 -0.314833499793651 0.106 0.119 1 NAF1
EXOC2 0.439519551150884 -0.301932892649744 0.164 0.164 1 EXOC2
ITPR1 0.44564127214673 -0.310921132607939 0.156 0.172 1 ITPR1
MFSD14B 0.456615228524847 -0.344030705606256 0.098 0.113 1 MFSD14B
MRPS18C 0.458158092747512 -0.274626998530194 0.112 0.113 1 MRPS18C
PPP1R14B 0.463334300151351 -0.27861733848635 0.266 0.283 1 PPP1R14B
MRPS35 0.465392795478687 -0.256120994766836 0.134 0.144 1 MRPS35
UBAC2 0.466122579678268 -0.258187337247926 0.269 0.273 1 UBAC2
ZFP91 0.471423817272995 -0.253074917092094 0.199 0.225 1 ZFP91
EBF1 0.475719264603464 -0.291519418344355 0.504 0.505 1 EBF1
UBR4 0.492204483992501 -0.25942235893003 0.252 0.257 1 UBR4
DENND11 0.493011356781466 -0.36714792916472 0.155 0.172 1 DENND11
PTCD3 0.496224642881528 -0.31026125029706 0.15 0.155 1 PTCD3
MACO1 0.498715956230965 -0.256909285443952 0.175 0.183 1 MACO1
RICTOR 0.503079822319729 -0.258701401221799 0.376 0.395 1 RICTOR
CCSER2 0.505575456347189 -0.407489409837383 0.126 0.129 1 CCSER2
MIS18BP1 0.505952771374609 -0.254655358405359 0.301 0.305 1 MIS18BP1
MARCH7 0.506781450846132 -0.306929010855872 0.33 0.337 1 MARCH7
MLH1 0.512901199407367 -0.251404363686649 0.104 0.113 1 MLH1
LRRFIP2 0.514254949426616 -0.320454579214337 0.171 0.175 1 LRRFIP2
TNKS 0.518617072537286 -0.304897977286914 0.253 0.254 1 TNKS
LRRC40 0.518721546147762 -0.268464937589558 0.099 0.106 1 LRRC40
SUPT3H 0.519597844229857 -0.330405879922392 0.156 0.156 1 SUPT3H
TES 0.520835077018173 -0.257063579458144 0.186 0.206 1 TES
SLC30A7 0.522706258718462 -0.285244745157524 0.139 0.145 1 SLC30A7
NR2C2 0.52428857879667 -0.250576352979754 0.129 0.129 1 NR2C2
WARS2 0.525805255896725 -0.338317166718121 0.118 0.13 1 WARS2
RNF10 0.529365963468127 -0.297984299386873 0.246 0.257 1 RNF10
SNHG25 0.53242040394319 -0.283628295457241 0.13 0.137 1 SNHG25
WIPI2 0.532515704586835 -0.2669292374316 0.161 0.169 1 WIPI2
ZC3H8 0.53325896049659 -0.262506990509294 0.094 0.102 1 ZC3H8
PIAS2 0.537754843428229 -0.275386921499141 0.112 0.109 1 PIAS2
FAM214A 0.539042865758141 -0.250627105066027 0.378 0.375 1 FAM214A
RABGAP1L 0.540124125918787 -0.254723414355269 0.428 0.429 1 RABGAP1L
RALGAPA2 0.543485837907089 -0.32333714071134 0.149 0.142 1 RALGAPA2
SRGN 0.545101955610207 -0.361450875089147 0.241 0.231 1 SRGN
PBX3 0.546762829376604 -0.373501734355309 0.112 0.114 1 PBX3
KLF13 0.548539705879061 -0.264514066300533 0.292 0.305 1 KLF13
CMSS1 0.554917251156849 -0.366022895229517 0.193 0.2 1 CMSS1
MRPL3 0.556626796465111 -0.274350530854711 0.17 0.174 1 MRPL3
HMGXB4 0.556713458192687 -0.338119780816267 0.114 0.11 1 HMGXB4
USP3-AS1 0.558004063835301 -0.325545690619385 0.142 0.147 1 USP3-AS1
FBXW11 0.55815695512475 -0.270988262784601 0.299 0.309 1 FBXW11
YLPM1 0.56869048654693 -0.25655548148862 0.247 0.249 1 YLPM1
ING1 0.569081308139802 -0.370017889368459 0.108 0.126 1 ING1
ATXN7 0.570736422484165 -0.381622228701931 0.122 0.122 1 ATXN7
SLC9A7 0.5761600685481 -0.283666784977384 0.246 0.261 1 SLC9A7
RIPK1 0.577547575089881 -0.324686725588734 0.142 0.155 1 RIPK1
PIK3R1 0.580140281581422 -0.264905304891016 0.17 0.163 1 PIK3R1
SRGAP2 0.582004099883712 -0.428486441452631 0.082 0.103 1 SRGAP2
FBXO38 0.582067057803166 -0.374253017815901 0.099 0.102 1 FBXO38
PSMC2 0.582896204317053 -0.252923127616534 0.14 0.144 1 PSMC2
CYSTM1 0.585400063809152 -0.340211883179527 0.146 0.153 1 CYSTM1
ZNF484 0.58624350660508 -0.322331640067517 0.115 0.121 1 ZNF484
EHD4 0.590104386568969 -0.402022864111693 0.118 0.126 1 EHD4
IL4R 0.59095013427627 -0.321016479785393 0.108 0.122 1 IL4R
TEN1 0.591665361147712 -0.353441156299402 0.113 0.125 1 TEN1
HIPK1 0.592919729933255 -0.421767043206217 0.112 0.116 1 HIPK1
ANKRD36C 0.59626610328473 -0.310125599843173 0.169 0.179 1 ANKRD36C
SLK 0.596470375284314 -0.251051941385713 0.118 0.129 1 SLK
ATG7 0.600369844125753 -0.338238584879858 0.165 0.167 1 ATG7
TBC1D17 0.603242657094122 0.254907582498258 0.118 0.096 1 TBC1D17
FER 0.621724867270373 -0.306663747280772 0.178 0.177 1 FER
XPO6 0.623309563116092 -0.285953096422497 0.141 0.144 1 XPO6
TNFAIP3 0.627745262467536 -0.282623003157745 0.261 0.264 1 TNFAIP3
EFTUD2 0.632324796187929 -0.280058381140879 0.137 0.138 1 EFTUD2
TCEA2 0.632526651203524 0.252320748675397 0.191 0.16 1 TCEA2
DOP1A 0.635981948083048 -0.347249826366038 0.137 0.145 1 DOP1A
WWOX 0.639990254336227 -0.29994942640752 0.2 0.204 1 WWOX
AP5M1 0.646844807192902 -0.310102799909235 0.112 0.12 1 AP5M1
LARP7 0.657017167654656 -0.273568281760722 0.195 0.208 1 LARP7
TOP2B 0.657971637331515 -0.334249831181805 0.221 0.212 1 TOP2B
CUL2 0.660837370170815 -0.291625952219874 0.13 0.134 1 CUL2
PKN2 0.663382101739886 -0.257485742654241 0.272 0.272 1 PKN2
ANAPC10 0.675347439166357 -0.400301110936371 0.092 0.101 1 ANAPC10
CELF1 0.679368825463086 -0.253882450644497 0.269 0.276 1 CELF1
APPL2 0.679872407089835 -0.436890381023209 0.121 0.133 1 APPL2
POLR1C 0.684130141199658 -0.262855583114218 0.102 0.109 1 POLR1C
PTBP2 0.684763421658131 -0.311725856212613 0.242 0.251 1 PTBP2
DOP1B 0.688581997551596 -0.332785284131521 0.142 0.165 1 DOP1B
THOC1 0.693488707721878 -0.263954325977226 0.236 0.239 1 THOC1
BMP2K 0.697950119131142 -0.273857445548822 0.153 0.152 1 BMP2K
STAG3 0.698672330685974 -0.424923281931916 0.105 0.105 1 STAG3
HEATR1 0.703895993423658 -0.253158248365132 0.121 0.133 1 HEATR1
LANCL2 0.705297354638025 -0.319161821805827 0.135 0.137 1 LANCL2
TLK2 0.709057224853414 -0.321774527459397 0.22 0.234 1 TLK2
SNRK 0.71142353679957 -0.298630366578664 0.165 0.17 1 SNRK
WDR75 0.713861373655854 -0.318162489811169 0.123 0.128 1 WDR75
TMLHE 0.716248562583183 -0.272940787442502 0.105 0.103 1 TMLHE
CITED2 0.720660749892633 -0.349233509086624 0.097 0.1 1 CITED2
NOL11 0.727225290599841 -0.375581703149557 0.119 0.128 1 NOL11
MARCH8 0.735691280232811 -0.33125334454243 0.208 0.214 1 MARCH8
IQGAP2 0.737290893291313 -0.402583074631583 0.294 0.31 1 IQGAP2
JARID2 0.739504422667916 -0.273146365404223 0.218 0.21 1 JARID2
PICALM 0.74053899907062 -0.300433123378175 0.314 0.319 1 PICALM
FBXO42 0.746434170253626 -0.276753594255403 0.135 0.134 1 FBXO42
AKT3 0.749106840650577 -0.296714323416219 0.285 0.298 1 AKT3
NOB1 0.749903583130271 -0.279494642977482 0.105 0.104 1 NOB1
CTDSPL2 0.764839447881162 -0.336608390257335 0.178 0.181 1 CTDSPL2
TRNT1 0.766056768633457 -0.459840499308018 0.125 0.132 1 TRNT1
ZSWIM6 0.773079722272392 -0.263758360249984 0.219 0.236 1 ZSWIM6
ZNF407 0.779384321739095 -0.31568872856611 0.185 0.19 1 ZNF407
MRPL37 0.78706826086568 -0.306575572933056 0.118 0.114 1 MRPL37
BTBD9 0.787449759527985 -0.282801988460942 0.338 0.331 1 BTBD9
ELF2 0.788521012100461 -0.25460985660404 0.42 0.439 1 ELF2
PDE12 0.794179030258829 -0.268049359320067 0.112 0.125 1 PDE12
BCL10 0.794456807533328 -0.260068063058126 0.232 0.25 1 BCL10
HECA 0.803029036597899 -0.260140098577841 0.189 0.204 1 HECA
IKBKB 0.80316460266582 -0.269048628073931 0.123 0.125 1 IKBKB
TGFBR1 0.806485735180875 -0.275417236156738 0.145 0.151 1 TGFBR1
RIT1 0.815074935661964 -0.359858751661458 0.1 0.102 1 RIT1
EXOC5 0.815624216071839 -0.378558478943155 0.124 0.122 1 EXOC5
SBF1 0.819449237818344 -0.280876835011848 0.096 0.11 1 SBF1
RNF11 0.823025516028416 -0.271527088962772 0.132 0.139 1 RNF11
COA1 0.827465754620258 -0.420739821493675 0.204 0.201 1 COA1
STRADA 0.831736075138703 -0.252223098931123 0.122 0.126 1 STRADA
HGSNAT 0.836315794244547 -0.396212151167498 0.137 0.14 1 HGSNAT
GPRIN3 0.838439299066535 -0.277397468771192 0.245 0.259 1 GPRIN3
CKAP2 0.840730038985454 -0.360261984065232 0.094 0.103 1 CKAP2
RNF19A 0.846211263310654 -0.250404482631198 0.345 0.358 1 RNF19A
CNOT2 0.849777023644729 -0.281910886897351 0.352 0.347 1 CNOT2
KLHL2 0.862277768662179 -0.26241781775059 0.105 0.116 1 KLHL2
TBC1D14 0.864981549886599 -0.39057671482068 0.095 0.103 1 TBC1D14
GAB2 0.866959224991254 -0.313084822093285 0.299 0.296 1 GAB2
RFFL 0.870988945731034 -0.308961484756803 0.106 0.114 1 RFFL
CCL4 0.873212440865657 -0.40759371876672 0.135 0.125 1 CCL4
GAPVD1 0.876765257555579 -0.267689962718823 0.143 0.141 1 GAPVD1
ZNF586 0.87805487192214 -0.294877359411459 0.117 0.121 1 ZNF586
OTUD4 0.882410511454233 -0.269306535733688 0.145 0.146 1 OTUD4
KLHL28 0.88559417427764 -0.363361439301542 0.141 0.154 1 KLHL28
IPO8 0.885627649504432 -0.344659826452558 0.105 0.101 1 IPO8
LINC00513 0.894856129515419 -0.339459832104926 0.18 0.173 1 LINC00513
TRAPPC11 0.895463818031185 -0.416060902013418 0.097 0.104 1 TRAPPC11
RCOR1 0.899467576170456 -0.25111321927624 0.187 0.19 1 RCOR1
MYO5A 0.902395381974419 -0.252810062375443 0.264 0.268 1 MYO5A
INSIG2 0.905490872402468 -0.251010405322988 0.169 0.183 1 INSIG2
FZR1 0.907578321102982 -0.337687540196615 0.115 0.132 1 FZR1
TRPS1 0.91275644469861 -0.366830831359754 0.166 0.175 1 TRPS1
CD58 0.915502663174771 -0.340440817024491 0.144 0.152 1 CD58
PRELID3B 0.919312490140951 -0.27724040770554 0.206 0.219 1 PRELID3B
HIST1H3D 0.920326255347361 -0.328011193757892 0.11 0.12 1 HIST1H3D
RTTN 0.933172145618147 -0.256142923819457 0.123 0.112 1 RTTN
FOXK1 0.93505409859848 -0.257602473957671 0.098 0.1 1 FOXK1
RYBP 0.936854921715364 -0.349261566302983 0.113 0.117 1 RYBP
KIF27 0.937852330069713 -0.373231790825289 0.109 0.11 1 KIF27
CCNYL1 0.938256564805437 -0.405219721035285 0.102 0.119 1 CCNYL1
LPIN1 0.938514210736984 -0.279897855915869 0.113 0.124 1 LPIN1
PLEKHB2 0.943398206822864 -0.261661245026667 0.128 0.133 1 PLEKHB2
TEX10 0.945810970372398 -0.276160768756756 0.1 0.101 1 TEX10
POLE3 0.94700804252614 -0.276283859655497 0.14 0.144 1 POLE3
CREM 0.952804294751931 -0.266943868167595 0.195 0.196 1 CREM
FAM117B 0.955274861726644 -0.306513827114708 0.194 0.214 1 FAM117B
ATP1B3 0.955657333835988 -0.254610251155469 0.177 0.155 1 ATP1B3
ZNF880 0.955868262221875 -0.287678973240746 0.114 0.127 1 ZNF880
TUBGCP3 0.957297972684815 -0.303876069311054 0.117 0.121 1 TUBGCP3
STRIP1 0.957667116897713 -0.263320214910904 0.103 0.112 1 STRIP1
FLI1 0.958584522417199 -0.258344351751905 0.253 0.25 1 FLI1
POLR3C 0.969642892866812 -0.295838347980921 0.115 0.129 1 POLR3C
C3orf38 0.973941338577419 -0.300977187250497 0.149 0.155 1 C3orf38
FAM98B 0.977303678842167 -0.319196210575051 0.107 0.101 1 FAM98B
TIPARP 0.98467760827271 -0.341667020084466 0.106 0.122 1 TIPARP
ZFAND2A 0.988727070625144 -0.336110208607567 0.173 0.192 1 ZFAND2A
SLC25A16 0.993151069384629 -0.265426788286075 0.112 0.107 1 SLC25A16
PATL1 0.995965316902913 -0.274706264796849 0.166 0.177 1 PATL1
SNED1 0.999877520329543 -0.395763297323342 0.114 0.106 1 SNED1
